1	0
2	0.0550685515943694
3	0.108541026675738
4	0.160463685045055
5	0.210881445734726
6	0.259837925868707
7	0.307375478396299
8	0.353535228732293
9	0.398357110335149
10	0.441879899254003
11	0.484141247674377
12	0.525177716491626
13	0.565024806940288
14	0.603716991306708
15	0.641287742751505
16	0.677769564267681
17	0.713194016799423
18	0.747591746545927
19	0.780992511473863
20	0.813425207061415
21	0.844917891296171
22	0.875497808948488
23	0.905191415141336
24	0.934024398236995
25	0.962021702060429
26	0.989207547478544
27	1.015605453354
28	1.04123825689173
29	1.06612813339571
30	1.09029661545313
31	1.11376461156259
32	1.13655242422228
33	1.15867976749397
34	1.18016578405798
35	1.20102906177372
36	1.22128764976035
37	1.24095907401131
38	1.26006035255632
39	1.27860801018393
40	1.29661809273732
41	1.31410618099581
42	1.33108740415402
43	1.34757645291032
44	1.363587592176
45	1.37913467341603
46	1.39423114663216
47	1.40889007199872
48	1.42312413116114
49	1.43694563820704
50	1.45036655031933
51	1.46339847812052
52	1.47605269571724
53	1.48834015045364
54	1.50027147238209
55	1.51185698345937
56	1.52310670647639
57	1.53403037372899
58	1.54463743543754
59	1.55493706792243
60	1.56493818154263
61	1.5746494284042
62	1.58407920984534
63	1.59323568370446
64	1.60212677137773
65	1.61076016467191
66	1.61914333245869
67	1.6272835271361
68	1.63518779090268
69	1.64286296184976
70	1.65031567987721
71	1.65755239243771
72	1.66457936011451
73	1.6714026620376
74	1.67802820114279
75	1.68446170927849
76	1.69070875216434
77	1.69677473420626
78	1.70266490317184
79	1.70838435473027
80	1.71393803686069
81	1.71933075413272
82	1.724567171863
83	1.72965182015121
84	1.7345890977991
85	1.73938327611599
86	1.74403850261394
87	1.7485588045958
88	1.75294809263928
89	1.75721016398008
90	1.76134870579693
91	1.76536729840136
92	1.76926941833519
93	1.77305844137801
94	1.77673764546771
95	1.78031021353623
96	1.78377923626317
97	1.78714771474957
98	1.79041856311421
99	1.79359461101469
100	1.79667860609533
101	1.79967321636428
102	1.80258103250159
103	1.80540457010049
104	1.80814627184363
105	1.81080850961629
106	1.81339358655835
107	1.81590373905675
108	1.81834113868022
109	1.82070789405794
110	1.82300605270375
111	1.82523760278747
112	1.82740447485492
113	1.82950854349803
114	1.83155162897659
115	1.833535498793
116	1.83546186922134
117	1.83733240679213
118	1.83914872973413
119	1.8409124093742
120	1.84262497149677
121	1.84428789766376
122	1.84590262649632
123	1.84747055491939
124	1.84899303937021
125	1.85047139697181
126	1.85190690667243
127	1.85330081035198
128	1.85465431389644
129	1.85596858824102
130	1.8572447703832
131	1.85848396436636
132	1.85968724223489
133	1.86085564496163
134	1.86199018334846
135	1.86309183890071
136	1.86416156467632
137	1.86520028611031
138	1.86620890181542
139	1.86718828435948
140	1.86813928102029
141	1.86906271451864
142	1.86995938373001
143	1.87083006437574
144	1.87167550969406
145	1.87249645109179
146	1.87329359877703
147	1.87406764237363
148	1.87481925151773
149	1.87554907643713
150	1.87625774851378
151	1.87694588083
152	1.87761406869887
153	1.87826289017925
154	1.87889290657586
155	1.87950466292487
156	1.88009868846543
157	1.8806754970975
158	1.88123558782646
159	1.88177944519479
160	1.88230753970126
161	1.88282032820795
162	1.88331825433552
163	1.88380174884696
164	1.88427123002027
165	1.88472710401031
166	1.88516976520017
167	1.88559959654236
168	1.88601696989011
169	1.88642224631905
170	1.8868157764396
171	1.88719790070028
172	1.88756894968225
173	1.88792924438526
174	1.88827909650541
175	1.88861880870476
176	1.88894867487317
177	1.88926898038258
178	1.88958000233384
179	1.8898820097965
180	1.8901752640415
181	1.89046001876727
182	1.89073652031921
183	1.89100500790273
184	1.89126571379028
185	1.89151886352224
186	1.89176467610206
187	1.8920033641857
188	1.89223513426563
189	1.89246018684945
190	1.89267871663336
191	1.89289091267059
192	1.89309695853497
193	1.8932970324797
194	1.89349130759162
195	1.8936799519409
196	1.89386312872645
197	1.89404099641712
198	1.89421370888879
199	1.89438141555748
200	1.89454426150863
201	1.89470238762258
202	1.8948559306965
203	1.89500502356269
204	1.89514979520351
205	1.89529037086298
206	1.89542687215511
207	1.8955594171691
208	1.89568812057155
209	1.8958130937056
210	1.89593444468729
211	1.89605227849909
212	1.89616669708071
213	1.89627779941729
214	1.89638568162506
215	1.89649043703445
216	1.89659215627086
217	1.89669092733305
218	1.89678683566928
219	1.89687996425121
220	1.89697039364571
221	1.89705820208453
222	1.89714346553202
223	1.89722625775079
224	1.89730665036557
225	1.89738471292517
226	1.89746051296261
227	1.89753411605359
228	1.8976055858732
229	1.89767498425099
230	1.89774237122449
231	1.89780780509114
232	1.89787134245871
233	1.89793303829428
234	1.89799294597179
235	1.89805111731824
236	1.89810760265848
237	1.89816245085879
238	1.89821570936912
239	1.89826742426419
240	1.89831764028327
241	1.89836640086896
242	1.89841374820474
243	1.89845972325147
244	1.89850436578281
245	1.89854771441966
246	1.89858980666353
247	1.89863067892904
248	1.89867036657535
249	1.89870890393682
250	1.89874632435266
251	1.89878266019582
252	1.89881794290095
253	1.89885220299162
254	1.89888547010673
255	1.89891777302613
256	1.89894913969553
257	1.8989795972507
258	1.89900917204089
259	1.89903788965168
260	1.89906577492708
261	1.89909285199105
262	1.89911914426833
263	1.89914467450476
264	1.89916946478691
265	1.89919353656119
266	1.89921691065246
267	1.89923960728196
268	1.89926164608489
269	1.89928304612731
270	1.89930382592271
271	1.89932400344799
272	1.89934359615901
273	1.89936262100571
274	1.89938109444675
275	1.89939903246376
276	1.8994164505752
277	1.8994333638497
278	1.89944978691918
279	1.89946573399149
280	1.89948121886264
281	1.89949625492884
282	1.89951085519799
283	1.899525032301
284	1.89953879850268
285	1.89955216571237
286	1.89956514549422
287	1.89957774907724
288	1.89958998736497
289	1.89960187094492
290	1.89961341009774
291	1.89962461480613
292	1.89963549476343
293	1.89964605938205
294	1.89965631780159
295	1.89966627889677
296	1.89967595128505
297	1.89968534333418
298	1.89969446316933
299	1.89970331868022
300	1.89971191752786
301	1.89972026715126
