1	0
2	0.153518275109386
3	0.283468689426211
4	0.393469340287368
5	0.48658288096741
6	0.565401791492927
7	0.632120558828567
8	0.688596776085418
9	0.736402861884299
10	0.776869839851608
11	0.811124397162492
12	0.840120253920378
13	0.86466471676348
14	0.885441156007428
15	0.903028032135736
16	0.917915001376267
17	0.930516548777391
18	0.941183528357789
19	0.950212931632383
20	0.957856156491
21	0.964326006653053
22	0.969802616578018
23	0.974438466793861
24	0.978362629280908
25	0.9816843611117
26	0.984496146401458
27	0.986876271263561
28	0.988891003462297
29	0.990596437449083
30	0.992040056151914
31	0.99326205300158
32	0.994296451002703
33	0.995172050006926
34	0.99591322856234
35	0.996540622664385
36	0.997071700306077
37	0.997521247824273
38	0.997901781582901
39	0.998223896455288
40	0.998496560808083
41	0.998727366199757
42	0.998922738745818
43	0.999088118035605
44	0.999228108582087
45	0.999346608021344
46	0.999446915631086
47	0.999531824189602
48	0.999603697732673
49	0.999664537373384
50	0.999716037017394
51	0.999759630524886
52	0.999796531632299
53	0.999827767745351
54	0.999854208544204
55	0.999876590197223
56	0.999895535857476
57	0.999911573012646
58	0.999925148171416
59	0.999936639295228
60	0.999946366321534
61	0.999954600071541
62	0.99996156979045
63	0.999967469530137
64	0.999972463551966
65	0.99997669090018
66	0.999980269273192
67	0.999983298300554
68	0.999985862316865
69	0.999988032709819
70	0.999989869907794
71	0.999991425062309
72	0.999992741472189
73	0.999993855789099
74	0.999994799038004
75	0.999995597480967
76	0.999996273348346
77	0.999996845457735
78	0.999997329737879
79	0.999997739672173
80	0.999998086674064
81	0.999998380404827
82	0.999998629042553
83	0.999998839509848
84	0.99999901766657
85	0.999999168472983
86	0.999999296127858
87	0.99999940418538
88	0.999999495654099
89	0.999999573080701
90	0.999999638620906
91	0.999999694099493
92	0.999999741061104
93	0.999999780813249
94	0.999999814462713
95	0.999999842946368
96	0.99999986705726
97	0.999999887466687
98	0.999999904742892
99	0.999999919366881
100	0.999999931745818
101	0.99999994222436
102	0.999999951094251
103	0.999999958602449
104	0.999999964957997
105	0.99999997033785
106	0.999999974891793
107	0.999999978746621
108	0.999999982009661
109	0.999999984771764
110	0.999999987109835
111	0.99999998908897
112	0.999999990764274
113	0.99999999218239
114	0.999999993382802
115	0.999999994398931
116	0.999999995259069
117	0.999999995987162
118	0.999999996603481
119	0.999999997125187
120	0.999999997566805
121	0.999999997940631
122	0.999999998257072
123	0.999999998524939
124	0.999999998751686
125	0.999999998943625
126	0.999999999106099
127	0.99999999924363
128	0.999999999360046
129	0.999999999458589
130	0.999999999542002
131	0.999999999612609
132	0.999999999672375
133	0.999999999722967
134	0.999999999765791
135	0.999999999802043
136	0.99999999983273
137	0.999999999858708
138	0.999999999880698
139	0.999999999899314
140	0.999999999915071
141	0.999999999928408
142	0.999999999939695
143	0.999999999949248
144	0.999999999957332
145	0.999999999964173
146	0.999999999969963
147	0.999999999974862
148	0.999999999979009
149	0.999999999982518
150	0.999999999985488
151	0.999999999988003
152	0.999999999990132
153	0.999999999991934
154	0.999999999993461
155	0.999999999994754
156	0.999999999995849
157	0.999999999996776
158	0.999999999997561
159	0.999999999998224
160	0.999999999998783
161	0.999999999999255
162	0.999999999999652
163	0.999999999999985
164	1.00000000000026
165	1.00000000000049
166	1.00000000000069
167	1.00000000000084
168	1.00000000000097
169	1.00000000000107
170	1.00000000000115
171	1.00000000000121
172	1.00000000000126
173	1.00000000000129
174	1.00000000000131
175	1.00000000000133
176	1.00000000000134
177	1.00000000000134
178	1.00000000000134
179	1.00000000000133
180	1.00000000000132
181	1.00000000000131
182	1.00000000000129
183	1.00000000000127
184	1.00000000000126
185	1.00000000000124
186	1.00000000000122
187	1.0000000000012
188	1.00000000000119
189	1.00000000000117
190	1.00000000000116
191	1.00000000000115
192	1.00000000000114
193	1.00000000000114
194	1.00000000000115
195	1.00000000000116
196	1.00000000000117
197	1.00000000000119
198	1.00000000000122
199	1.00000000000124
200	1.00000000000127
201	1.0000000000013
202	1.00000000000132
203	1.00000000000135
204	1.00000000000137
205	1.00000000000139
206	1.0000000000014
207	1.00000000000142
208	1.00000000000143
209	1.00000000000143
210	1.00000000000144
211	1.00000000000144
212	1.00000000000143
213	1.00000000000142
214	1.00000000000141
215	1.00000000000139
216	1.00000000000137
217	1.00000000000135
218	1.00000000000133
219	1.00000000000131
220	1.00000000000128
221	1.00000000000126
222	1.00000000000123
223	1.00000000000121
224	1.00000000000118
225	1.00000000000116
226	1.00000000000113
227	1.00000000000111
228	1.00000000000108
229	1.00000000000106
230	1.00000000000104
231	1.00000000000102
232	1.00000000000099
233	1.00000000000097
234	1.00000000000096
235	1.00000000000094
236	1.00000000000093
237	1.00000000000093
238	1.00000000000093
239	1.00000000000093
240	1.00000000000094
241	1.00000000000096
242	1.00000000000097
243	1.00000000000099
244	1.000000000001
245	1.00000000000102
246	1.00000000000104
247	1.00000000000106
248	1.00000000000108
249	1.0000000000011
250	1.00000000000113
251	1.00000000000115
252	1.00000000000118
253	1.00000000000121
254	1.00000000000124
255	1.00000000000127
256	1.0000000000013
257	1.00000000000133
258	1.00000000000136
259	1.0000000000014
260	1.00000000000143
261	1.00000000000146
262	1.0000000000015
263	1.00000000000152
264	1.00000000000155
265	1.00000000000157
266	1.00000000000159
267	1.0000000000016
268	1.00000000000161
269	1.00000000000161
270	1.00000000000161
271	1.00000000000161
272	1.0000000000016
273	1.00000000000159
274	1.00000000000157
275	1.00000000000155
276	1.00000000000153
277	1.00000000000151
278	1.00000000000148
279	1.00000000000146
280	1.00000000000143
281	1.00000000000141
282	1.00000000000139
283	1.00000000000137
284	1.00000000000135
285	1.00000000000133
286	1.00000000000131
287	1.00000000000129
288	1.00000000000128
289	1.00000000000126
290	1.00000000000125
291	1.00000000000124
292	1.00000000000123
293	1.00000000000121
294	1.0000000000012
295	1.00000000000118
296	1.00000000000116
297	1.00000000000114
298	1.00000000000111
299	1.00000000000109
300	1.00000000000106
301	1.00000000000103
