1	0
2	0.287558982007174
3	0.511510142373577
4	0.685923481436682
5	0.821756726477127
6	0.927543764081756
7	1.00993079180705
8	1.07409387351443
9	1.12406413179241
10	1.16298100806958
11	1.19328950178894
12	1.21689378043129
13	1.23527681112178
14	1.24959352981876
15	1.26074340155097
16	1.26942693038716
17	1.27618966944459
18	1.28145649591822
19	1.28555830450018
20	1.2887527962358
21	1.291240668901
22	1.29317822608082
23	1.2946871971297
24	1.29586238496418
25	1.29677762216992
26	1.29749040962243
27	1.29804552904859
28	1.29847785649236
29	1.2988145534441
30	1.29907677329376
31	1.29928099031799
32	1.29944003469636
33	1.29956389858277
34	1.29966036387448
35	1.2997354911192
36	1.29979400027619
37	1.29983956725347
38	1.29987505485103
39	1.2999026926198
40	1.29992421693573
41	1.29994098008983
42	1.29995403524735
43	1.29996420261423
44	1.29997212096751
45	1.29997828778724
46	1.29998309051125
47	1.29998683087647
48	1.29998974387582
49	1.29999201252199
50	1.29999377934539
51	1.29999515534883
52	1.29999622698138
53	1.29999706156964
54	1.29999771154763
55	1.29999821775099
56	1.29999861198255
57	1.2999989190104
58	1.29999915812392
59	1.29999934434571
60	1.29999948937538
61	1.2999996023246
62	1.29999969028954
63	1.29999975879669
64	1.29999981215011
65	1.29999985370179
66	1.29999988606227
67	1.29999991126462
68	1.29999993089223
69	1.29999994617822
70	1.29999995808296
71	1.29999996735437
72	1.29999997457494
73	1.29999998019832
74	1.29999998457781
75	1.29999998798855
76	1.29999999064483
77	1.29999999271354
78	1.29999999432464
79	1.29999999557937
80	1.29999999655654
81	1.29999999731757
82	1.29999999791025
83	1.29999999837182
84	1.2999999987313
85	1.29999999901126
86	1.29999999922929
87	1.29999999939909
88	1.29999999953132
89	1.29999999963431
90	1.29999999971451
91	1.29999999977696
92	1.2999999998256
93	1.29999999986347
94	1.29999999989295
95	1.29999999991591
96	1.29999999993379
97	1.29999999994771
98	1.29999999995854
99	1.29999999996697
100	1.29999999997354
101	1.29999999997865
102	1.29999999998263
103	1.29999999998572
104	1.29999999998813
105	1.29999999999001
106	1.29999999999147
107	1.2999999999926
108	1.29999999999348
109	1.29999999999416
110	1.29999999999469
111	1.2999999999951
112	1.29999999999542
113	1.29999999999567
114	1.29999999999586
115	1.29999999999601
116	1.29999999999613
117	1.29999999999622
118	1.29999999999628
119	1.29999999999633
120	1.29999999999637
121	1.2999999999964
122	1.29999999999641
123	1.29999999999642
124	1.29999999999643
125	1.29999999999643
126	1.29999999999643
127	1.29999999999642
128	1.29999999999642
129	1.29999999999641
130	1.29999999999641
131	1.2999999999964
132	1.2999999999964
133	1.2999999999964
134	1.2999999999964
135	1.2999999999964
136	1.2999999999964
137	1.29999999999641
138	1.29999999999641
139	1.29999999999642
140	1.29999999999643
141	1.29999999999643
142	1.29999999999644
143	1.29999999999645
144	1.29999999999645
145	1.29999999999645
146	1.29999999999645
147	1.29999999999645
148	1.29999999999645
149	1.29999999999644
150	1.29999999999643
151	1.29999999999642
152	1.2999999999964
153	1.29999999999638
154	1.29999999999637
155	1.29999999999635
156	1.29999999999632
157	1.2999999999963
158	1.29999999999628
159	1.29999999999626
160	1.29999999999624
161	1.29999999999622
162	1.2999999999962
163	1.29999999999619
164	1.29999999999618
165	1.29999999999617
166	1.29999999999617
167	1.29999999999616
168	1.29999999999616
169	1.29999999999616
170	1.29999999999616
171	1.29999999999617
172	1.29999999999617
173	1.29999999999617
174	1.29999999999618
175	1.29999999999618
176	1.29999999999618
177	1.29999999999618
178	1.29999999999618
179	1.29999999999617
180	1.29999999999617
181	1.29999999999617
182	1.29999999999617
183	1.29999999999617
184	1.29999999999617
185	1.29999999999617
186	1.29999999999618
187	1.29999999999618
188	1.29999999999619
189	1.2999999999962
190	1.29999999999621
191	1.29999999999621
192	1.29999999999622
193	1.29999999999622
194	1.29999999999622
195	1.29999999999622
196	1.29999999999623
197	1.29999999999623
198	1.29999999999623
199	1.29999999999623
200	1.29999999999624
201	1.29999999999624
202	1.29999999999624
203	1.29999999999625
204	1.29999999999625
205	1.29999999999625
206	1.29999999999625
207	1.29999999999625
208	1.29999999999625
209	1.29999999999625
210	1.29999999999625
211	1.29999999999625
212	1.29999999999625
213	1.29999999999625
214	1.29999999999625
215	1.29999999999625
216	1.29999999999625
217	1.29999999999626
218	1.29999999999626
219	1.29999999999626
220	1.29999999999627
221	1.29999999999627
222	1.29999999999627
223	1.29999999999627
224	1.29999999999627
225	1.29999999999626
226	1.29999999999626
227	1.29999999999625
228	1.29999999999624
229	1.29999999999623
230	1.29999999999622
231	1.2999999999962
232	1.29999999999619
233	1.29999999999617
234	1.29999999999616
235	1.29999999999615
236	1.29999999999614
237	1.29999999999613
238	1.29999999999612
239	1.29999999999611
240	1.2999999999961
241	1.29999999999609
242	1.29999999999609
243	1.29999999999608
244	1.29999999999608
245	1.29999999999609
246	1.29999999999609
247	1.2999999999961
248	1.2999999999961
249	1.29999999999611
250	1.29999999999612
251	1.29999999999614
252	1.29999999999615
253	1.29999999999616
254	1.29999999999617
255	1.29999999999618
256	1.29999999999618
257	1.29999999999619
258	1.2999999999962
259	1.29999999999621
260	1.29999999999622
261	1.29999999999623
262	1.29999999999624
263	1.29999999999624
264	1.29999999999625
265	1.29999999999625
266	1.29999999999626
267	1.29999999999626
268	1.29999999999626
269	1.29999999999625
270	1.29999999999625
271	1.29999999999625
272	1.29999999999625
273	1.29999999999624
274	1.29999999999624
275	1.29999999999624
276	1.29999999999624
277	1.29999999999624
278	1.29999999999624
279	1.29999999999624
280	1.29999999999625
281	1.29999999999625
282	1.29999999999625
283	1.29999999999626
284	1.29999999999627
285	1.29999999999627
286	1.29999999999628
287	1.29999999999628
288	1.29999999999629
289	1.29999999999629
290	1.29999999999629
291	1.29999999999629
292	1.29999999999629
293	1.29999999999629
294	1.29999999999629
295	1.29999999999629
296	1.29999999999629
297	1.29999999999629
298	1.29999999999629
299	1.29999999999629
300	1.29999999999629
301	1.29999999999629
