1	0
2	0.226774951540969
3	0.389266304773926
4	0.505696447062847
5	0.58912228950742
6	0.648899517729953
7	0.691731773410714
8	0.72242242570848
9	0.744413239021763
10	0.760170345305711
11	0.771460805322197
12	0.779550773434787
13	0.785347488888998
14	0.789501017010423
15	0.792477149958769
16	0.794609642400686
17	0.796137640004877
18	0.797232498130758
19	0.798016998258585
20	0.798579117163317
21	0.798981892958819
22	0.799270494427434
23	0.799477286415969
24	0.799625459350525
25	0.79973162989751
26	0.799807704418681
27	0.799862214195032
28	0.799901272156515
29	0.799929258408841
30	0.799949311434893
31	0.799963680055926
32	0.799973975622782
33	0.79998135271879
34	0.799986638639056
35	0.799990426166427
36	0.799993140048372
37	0.799995084629753
38	0.799996477983194
39	0.799997476364555
40	0.799998191736054
41	0.799998704322127
42	0.799999071606093
43	0.799999334776549
44	0.799999523346416
45	0.799999658462625
46	0.799999755277614
47	0.79999982464858
48	0.799999874355044
49	0.799999909971276
50	0.799999935491416
51	0.799999953777391
52	0.799999966879859
53	0.799999976268182
54	0.799999982995204
55	0.79999998781532
56	0.79999999126908
57	0.7999999937438
58	0.79999999551701
59	0.799999996787564
60	0.799999997697949
61	0.799999998350262
62	0.799999998817659
63	0.799999999152558
64	0.799999999392518
65	0.799999999564451
66	0.799999999687642
67	0.799999999775908
68	0.799999999839149
69	0.79999999988446
70	0.799999999916924
71	0.799999999940181
72	0.799999999956843
73	0.79999999996878
74	0.79999999997733
75	0.799999999983453
76	0.799999999987838
77	0.799999999990977
78	0.799999999993223
79	0.79999999999483
80	0.799999999995978
81	0.799999999996797
82	0.799999999997381
83	0.799999999997796
84	0.799999999998091
85	0.7999999999983
86	0.799999999998448
87	0.799999999998552
88	0.799999999998625
89	0.799999999998677
90	0.799999999998714
91	0.799999999998739
92	0.799999999998757
93	0.79999999999877
94	0.799999999998778
95	0.799999999998783
96	0.799999999998787
97	0.79999999999879
98	0.799999999998792
99	0.799999999998793
100	0.799999999998793
101	0.799999999998793
102	0.799999999998792
103	0.799999999998792
104	0.799999999998791
105	0.79999999999879
106	0.799999999998789
107	0.799999999998788
108	0.799999999998787
109	0.799999999998786
110	0.799999999998785
111	0.799999999998783
112	0.799999999998782
113	0.79999999999878
114	0.799999999998777
115	0.799999999998775
116	0.799999999998771
117	0.799999999998767
118	0.799999999998761
119	0.799999999998755
120	0.799999999998748
121	0.79999999999874
122	0.799999999998733
123	0.799999999998725
124	0.799999999998718
125	0.79999999999871
126	0.799999999998703
127	0.799999999998696
128	0.799999999998691
129	0.799999999998686
130	0.799999999998682
131	0.799999999998679
132	0.799999999998677
133	0.799999999998676
134	0.799999999998676
135	0.799999999998676
136	0.799999999998676
137	0.799999999998677
138	0.799999999998678
139	0.79999999999868
140	0.799999999998682
141	0.799999999998686
142	0.799999999998689
143	0.799999999998692
144	0.799999999998695
145	0.799999999998697
146	0.799999999998699
147	0.7999999999987
148	0.799999999998701
149	0.7999999999987
150	0.799999999998699
151	0.799999999998698
152	0.799999999998698
153	0.799999999998697
154	0.799999999998697
155	0.799999999998696
156	0.799999999998696
157	0.799999999998695
158	0.799999999998693
159	0.79999999999869
160	0.799999999998686
161	0.799999999998682
162	0.799999999998676
163	0.799999999998671
164	0.799999999998667
165	0.799999999998663
166	0.79999999999866
167	0.799999999998658
168	0.799999999998658
169	0.799999999998659
170	0.799999999998661
171	0.799999999998663
172	0.799999999998666
173	0.799999999998668
174	0.79999999999867
175	0.799999999998672
176	0.799999999998673
177	0.799999999998674
178	0.799999999998675
179	0.799999999998675
180	0.799999999998676
181	0.799999999998677
182	0.799999999998679
183	0.79999999999868
184	0.799999999998681
185	0.799999999998682
186	0.799999999998682
187	0.799999999998682
188	0.799999999998682
189	0.799999999998683
190	0.799999999998684
191	0.799999999998686
192	0.799999999998688
193	0.799999999998691
194	0.799999999998694
195	0.799999999998697
196	0.7999999999987
197	0.799999999998702
198	0.799999999998702
199	0.799999999998702
200	0.799999999998701
201	0.799999999998699
202	0.799999999998697
203	0.799999999998696
204	0.799999999998694
205	0.799999999998693
206	0.799999999998692
207	0.799999999998692
208	0.799999999998692
209	0.799999999998691
210	0.79999999999869
211	0.799999999998689
212	0.799999999998688
213	0.799999999998686
214	0.799999999998683
215	0.79999999999868
216	0.799999999998678
217	0.799999999998676
218	0.799999999998673
219	0.79999999999867
220	0.799999999998667
221	0.799999999998663
222	0.799999999998658
223	0.799999999998653
224	0.799999999998649
225	0.799999999998646
226	0.799999999998643
227	0.799999999998641
228	0.79999999999864
229	0.79999999999864
230	0.79999999999864
231	0.799999999998642
232	0.799999999998645
233	0.799999999998648
234	0.799999999998651
235	0.799999999998655
236	0.799999999998658
237	0.799999999998662
238	0.799999999998665
239	0.799999999998667
240	0.799999999998669
241	0.799999999998671
242	0.799999999998672
243	0.799999999998672
244	0.799999999998672
245	0.799999999998673
246	0.799999999998674
247	0.799999999998676
248	0.799999999998678
249	0.79999999999868
250	0.799999999998683
251	0.799999999998685
252	0.799999999998687
253	0.799999999998688
254	0.799999999998688
255	0.799999999998688
256	0.799999999998688
257	0.799999999998688
258	0.799999999998689
259	0.79999999999869
260	0.799999999998691
261	0.799999999998694
262	0.799999999998698
263	0.799999999998702
264	0.799999999998707
265	0.799999999998712
266	0.799999999998717
267	0.799999999998722
268	0.799999999998727
269	0.799999999998731
270	0.799999999998736
271	0.79999999999874
272	0.799999999998745
273	0.79999999999875
274	0.799999999998755
275	0.799999999998761
276	0.799999999998768
277	0.799999999998774
278	0.799999999998781
279	0.799999999998787
280	0.799999999998794
281	0.7999999999988
282	0.799999999998806
283	0.799999999998811
284	0.799999999998815
285	0.79999999999882
286	0.799999999998823
287	0.799999999998827
288	0.799999999998829
289	0.799999999998831
290	0.799999999998833
291	0.799999999998833
292	0.799999999998833
293	0.799999999998832
294	0.799999999998831
295	0.799999999998829
296	0.799999999998827
297	0.799999999998825
298	0.799999999998821
299	0.799999999998818
300	0.799999999998815
301	0.799999999998812
