1	0
2	0.168870102620325
3	0.311815558368832
4	0.432816274316103
5	0.535241169064148
6	0.621941970642214
7	0.695332614711413
8	0.757456453693943
9	0.810043148072702
10	0.85455682383673
11	0.892236836878688
12	0.924132279312348
13	0.951131188439745
14	0.973985271608073
15	0.993330835349201
16	1.00970650151378
17	1.02356820365501
18	1.03530188119346
19	1.04523422479552
20	1.05364177214001
21	1.06075860731828
22	1.06678287823576
23	1.07188231347321
24	1.07619889220898
25	1.07985279722288
26	1.08294576104165
27	1.08556389839
28	1.08778010380864
29	1.08965608119415
30	1.0912440617673
31	1.09258825830198
32	1.09372609610326
33	1.09468925500796
34	1.09550455141897
35	1.09619468493128
36	1.09677887033721
37	1.09727337260729
38	1.09769195974187
39	1.09804628610158
40	1.09834621688975
41	1.0986001028207
42	1.09881501262149
43	1.09899692984038
44	1.09915091944166
45	1.099281268825
46	1.09939160719588
47	1.09948500661043
48	1.09956406750801
49	1.09963099111301
50	1.09968764072165
51	1.09973559358013
52	1.09977618479855
53	1.09981054452317
54	1.09983962940219
55	1.09986424922079
56	1.09988508944737
57	1.09990273031836
58	1.09991766299331
59	1.09993030322982
60	1.09994100295907
61	1.0999500600844
62	1.09995772677552
63	1.09996421648949
64	1.09996970991381
65	1.09997435999715
66	1.09997829620777
67	1.09998162813816
68	1.09998444855639
69	1.09998683598892
70	1.09998885690696
71	1.0999905675772
72	1.09999201562832
73	1.09999324137717
74	1.0999942789512
75	1.09999515723869
76	1.09999590069303
77	1.09999653001357
78	1.09999706272192
79	1.09999751364983
80	1.09999789535209
81	1.0999982184561
82	1.09999849195775
83	1.09999872347193
84	1.09999891944446
85	1.09999908533165
86	1.09999922575215
87	1.09999934461555
88	1.09999944523127
89	1.09999953040065
90	1.099999602495
91	1.09999966352157
92	1.09999971517946
93	1.09999975890693
94	1.09999979592146
95	1.09999982725359
96	1.09999985377568
97	1.09999987622616
98	1.09999989523008
99	1.09999991131657
100	1.09999992493349
101	1.09999993645997
102	1.09999994621694
103	1.09999995447604
104	1.09999996146722
105	1.09999996738514
106	1.09999997239457
107	1.09999997663496
108	1.09999998022439
109	1.09999998326278
110	1.09999998583473
111	1.09999998801186
112	1.09999998985476
113	1.09999999141475
114	1.09999999273527
115	1.09999999385306
116	1.09999999479927
117	1.09999999560022
118	1.09999999627821
119	1.09999999685212
120	1.09999999733793
121	1.09999999774916
122	1.09999999809727
123	1.09999999839194
124	1.09999999864137
125	1.09999999885252
126	1.09999999903126
127	1.09999999918256
128	1.09999999931064
129	1.09999999941906
130	1.09999999951084
131	1.09999999958854
132	1.09999999965431
133	1.09999999970999
134	1.09999999975713
135	1.09999999979703
136	1.0999999998308
137	1.09999999985939
138	1.0999999998836
139	1.09999999990409
140	1.09999999992144
141	1.09999999993613
142	1.09999999994858
143	1.09999999995912
144	1.09999999996805
145	1.09999999997562
146	1.09999999998203
147	1.09999999998747
148	1.09999999999209
149	1.099999999996
150	1.09999999999932
151	1.10000000000213
152	1.10000000000453
153	1.10000000000656
154	1.10000000000828
155	1.10000000000975
156	1.100000000011
157	1.10000000001207
158	1.10000000001298
159	1.10000000001375
160	1.10000000001442
161	1.10000000001499
162	1.10000000001548
163	1.10000000001591
164	1.10000000001627
165	1.10000000001659
166	1.10000000001687
167	1.10000000001712
168	1.10000000001734
169	1.10000000001753
170	1.10000000001771
171	1.10000000001787
172	1.10000000001802
173	1.10000000001815
174	1.10000000001828
175	1.10000000001841
176	1.10000000001853
177	1.10000000001865
178	1.10000000001877
179	1.10000000001889
180	1.10000000001901
181	1.10000000001912
182	1.10000000001924
183	1.10000000001936
184	1.10000000001947
185	1.10000000001958
186	1.10000000001969
187	1.10000000001979
188	1.10000000001989
189	1.10000000001999
190	1.10000000002008
191	1.10000000002016
192	1.10000000002024
193	1.10000000002031
194	1.10000000002037
195	1.10000000002043
196	1.10000000002048
197	1.10000000002052
198	1.10000000002055
199	1.10000000002057
200	1.10000000002058
201	1.10000000002059
202	1.10000000002059
203	1.10000000002058
204	1.10000000002056
205	1.10000000002053
206	1.1000000000205
207	1.10000000002046
208	1.10000000002042
209	1.10000000002037
210	1.10000000002033
211	1.10000000002028
212	1.10000000002023
213	1.10000000002018
214	1.10000000002013
215	1.10000000002007
216	1.10000000002002
217	1.10000000001996
218	1.10000000001991
219	1.10000000001985
220	1.10000000001979
221	1.10000000001973
222	1.10000000001968
223	1.10000000001962
224	1.10000000001957
225	1.10000000001951
226	1.10000000001946
227	1.10000000001941
228	1.10000000001936
229	1.10000000001931
230	1.10000000001927
231	1.10000000001923
232	1.10000000001919
233	1.10000000001916
234	1.10000000001913
235	1.1000000000191
236	1.10000000001907
237	1.10000000001905
238	1.10000000001902
239	1.100000000019
240	1.10000000001898
241	1.10000000001895
242	1.10000000001892
243	1.1000000000189
244	1.10000000001886
245	1.10000000001883
246	1.1000000000188
247	1.10000000001876
248	1.10000000001873
249	1.10000000001869
250	1.10000000001865
251	1.10000000001862
252	1.10000000001858
253	1.10000000001854
254	1.10000000001851
255	1.10000000001847
256	1.10000000001844
257	1.10000000001841
258	1.10000000001838
259	1.10000000001835
260	1.10000000001833
261	1.10000000001831
262	1.10000000001829
263	1.10000000001828
264	1.10000000001827
265	1.10000000001827
266	1.10000000001827
267	1.10000000001828
268	1.10000000001829
269	1.10000000001831
270	1.10000000001833
271	1.10000000001835
272	1.10000000001838
273	1.10000000001841
274	1.10000000001844
275	1.10000000001848
276	1.10000000001852
277	1.10000000001857
278	1.10000000001862
279	1.10000000001868
280	1.10000000001874
281	1.10000000001881
282	1.10000000001888
283	1.10000000001895
284	1.10000000001902
285	1.10000000001909
286	1.10000000001916
287	1.10000000001923
288	1.10000000001931
289	1.10000000001938
290	1.10000000001945
291	1.10000000001952
292	1.10000000001958
293	1.10000000001965
294	1.10000000001971
295	1.10000000001977
296	1.10000000001982
297	1.10000000001986
298	1.1000000000199
299	1.10000000001993
300	1.10000000001996
301	1.10000000001998
