1	0
2	0
3	0
4	0
5	0
6	0
7	0
8	0
9	0
10	0
11	0
12	0
13	0
14	0
15	0
16	0
17	0
18	0
19	0
20	0
21	0
22	0
23	0
24	0
25	0
26	0
27	0
28	0
29	0
30	0
31	0
32	0
33	0
34	0
35	0
36	0
37	0
38	0
39	0
40	0
41	0
42	0
43	0
44	0
45	0
46	0
47	0
48	0
49	0
50	0
51	0
52	0
53	0
54	0
55	0
56	0
57	0
58	0
59	0
60	0
61	0
62	0
63	0
64	0
65	0
66	0
67	0
68	0
69	0
70	0
71	0
72	0
73	0
74	0
75	0
76	0
77	0
78	0
79	0
80	0
81	0
82	0
83	0
84	0
85	0
86	0
87	0
88	0
89	0
90	0
91	0
92	0
93	0
94	0
95	0
96	0
97	0
98	0
99	0
100	0
101	0
102	0
103	0
104	0
105	0
106	0
107	0
108	0
109	0
110	0
111	0
112	0
113	0
114	0
115	0
116	0
117	0
118	0
119	0
120	0
121	0
122	0
123	0
124	0
125	0
126	0
127	0
128	0
129	0
130	0
131	0
132	0
133	0
134	0
135	0
136	0
137	0
138	0
139	0
140	0
141	0
142	0
143	0
144	0
145	0
146	0
147	0
148	0
149	0
150	0
151	0
152	0
153	0
154	0
155	0
156	0
157	0
158	0
159	0
160	0
161	0
162	0
163	0
164	0
165	0
166	0
167	0
168	0
169	0
170	0
171	0
172	0
173	0
174	0
175	0
176	0
177	0
178	0
179	0
180	0
181	0
182	0
183	0
184	0
185	0
186	0
187	0
188	0
189	0
190	0
191	0
192	0
193	0
194	0
195	0
196	0
197	0
198	0
199	0
200	49.7301831315025
201	36.2686441017673
202	28.1127721743983
203	23.0973184064037
204	15.8159240286873
205	9.71745842892108
206	6.60684842725439
207	5.91703015640191
208	6.73524508889232
209	8.38535280484368
210	10.3245418292336
211	12.069305346758
212	13.2681590840882
213	13.7748364286567
214	13.6277547989748
215	12.9710165118005
216	11.9846173465746
217	10.8461864103888
218	9.71077588215918
219	8.69666436219212
220	7.87780548301977
221	7.28586882772991
222	6.91953454609042
223	6.755771330856
224	6.75954766102791
225	6.89114491843569
226	7.11136071193369
227	7.38482833140702
228	7.68162963714902
229	7.97762015497496
230	8.2540535003331
231	8.49699028841762
232	8.69674271885986
233	8.84742488375669
234	8.94659468064311
235	8.99494058571649
236	8.99595215956581
237	8.95551717171998
238	8.88141370965803
239	8.78270172513823
240	8.66904958660305
241	8.55004908153678
242	8.43457696133272
243	8.33025565258175
244	8.24305312452891
245	8.17704488277347
246	8.13434275684236
247	8.11517852656537
248	8.11811753270112
249	8.14036911695623
250	8.17815701900714
251	8.22711318242899
252	8.2826619560929
253	8.34036744622397
254	8.39622379254899
255	8.44687554044691
256	8.48976237601621
257	8.52318879686362
258	8.54632450028811
259	8.55914522300891
260	8.56232642277385
261	8.55710360356433
262	8.54511336962779
263	8.52822861013056
264	8.50839975427085
265	8.4875119994048
266	8.46726600909304
267	8.44908700468763
268	8.43406461834822
269	8.42292349872579
270	8.41602259417028
271	8.41337937830822
272	8.41471408777998
273	8.41950833297175
274	8.4270722060149
275	8.43661420234223
276	8.44730882516659
277	8.45835757258283
278	8.4690400222786
279	8.4787528357352
280	8.48703561460059
281	8.49358357996275
282	8.49824794887496
283	8.50102560735598
284	8.50204019902836
285	8.50151705495969
286	8.49975449035923
287	8.49709390799742
288	8.49389090704835
289	8.49048923659071
290	8.48719899549973
291	8.48428000516449
292	8.48193080584728
293	8.48028328408228
294	8.47940255328702
295	8.47929140130922
296	8.47989839782581
297	8.48112862480653
298	8.48285595143485
299	8.48493581216485
300	8.48721754997285
301	8.48955554054305
302	8.49181849997301
303	8.49389658147029
304	8.49570606947733
305	8.49719166885717
306	8.49832655111451
307	8.49911045119188
308	8.49956620253085
309	8.49973515334685
310	8.49967192480536
311	8.49943895575895
312	8.49910123446384
313	8.49872155199112
314	8.49835653219889
315	8.49805360645591
316	8.49784901461867
317	8.49776683297795
318	8.4978189597381
319	8.49800593245187
320	8.4983184116829
321	8.49873914163151
322	8.49924519094557
323	8.49981028384187
324	8.50040705060627
325	8.50100905463987
326	8.50159248734505
327	8.50213745917547
328	8.50262885219753
329	8.50305673400219
330	8.50341636274909
331	8.50370783707638
332	8.50393546172921
333	8.50410690978269
334	8.50423226551599
335	8.50432302902044
336	8.50439115551307
337	8.5044481903108
338	8.50450454583444
339	8.50456895119191
340	8.50464808907762
341	8.50474641999848
342	8.50486618105678
343	8.50500753630091
344	8.5051688483551
345	8.50534703677113
346	8.50553798719797
347	8.50573697674599
348	8.50593908439519
349	8.50613956043622
350	8.50633413516567
351	8.50651925381676
352	8.50669223145894
353	8.5068513278876
354	8.50699574798013
355	8.50712557735454
356	8.50724166627931
357	8.50734547660084
358	8.50743890702515
359	8.50752411153899
360	8.50760332426825
361	8.5076787018742
362	8.50775219192377
363	8.50782543278275
364	8.5078996876969
365	8.50797581304056
366	8.50805425838538
367	8.50813509418019
368	8.50821806150721
369	8.50830263760461
370	8.50838811060477
371	8.50847365717471
372	8.50855841738198
373	8.50864156204898
374	8.50872234899746
375	8.50880016581837
376	8.50887455803426
377	8.50894524266698
378	8.50901210821802
379	8.50907520286183
380	8.50913471321839
381	8.50919093640157
382	8.50924424814106
383	8.50929506967431
384	8.50934383583154
385	8.50939096633557
386	8.50943684185101
387	8.50948178579102
388	8.50952605236327
389	8.50956982084753
390	8.50961319567337
391	8.50965621152748
392	8.50969884247907
393	8.50974101397128
394	8.5097826164834
395	8.50982351971276
396	8.50986358624175
397	8.50990268382726
398	8.50994069565801
399	8.50997752815005
400	-24.5355574864841
401	-17.2769585365035
402	-12.850091936751
403	-9.12615016002949
404	-3.63338848597276
405	1.13268452511843
406	3.45480788309018
407	3.8468932824332
408	3.39725611349793
409	2.63184769127079
410	1.67659551085568
411	0.701473845666225
412	-0.0306601293148446
413	-0.348897858343318
414	-0.256023611939276
415	0.142367988199042
416	0.72836116766899
417	1.40335886885712
418	2.08331788703749
419	2.69770255453403
420	3.19806476815245
421	3.56283326765636
422	3.79259324729403
423	3.90126419689699
424	3.90920894933731
425	3.83933443703953
426	3.71459662849549
427	3.55601973022741
428	3.38145011845003
429	3.20524329030637
430	3.03856283598175
431	2.88981724721125
432	2.76499595706391
433	2.66790271528391
434	2.60034493965409
435	2.56230877458801
436	2.55213732777115
437	2.56674102674508
438	2.60186845340568
439	2.6524439877105
440	2.71295298546414
441	2.77784116980913
442	2.84189286467916
443	2.90055677552508
444	2.95019485563672
445	2.98823886372274
446	3.01324978774155
447	3.02488552788163
448	3.02379032539371
449	3.01142464557435
450	2.98985668267496
451	2.96153676705881
452	2.92907417748402
453	2.89503270039952
454	2.86175729518497
455	2.83123995393917
456	2.80502871003948
457	2.78418004202076
458	2.76925182025848
459	2.76033155340043
460	2.75709304292078
461	2.7588736262323
462	2.76476391933678
463	2.77370227014392
464	2.78456689831034
465	2.7962598125585
466	2.80777794421763
467	2.81826840056779
468	2.82706621550273
469	2.83371436270401
470	2.83796701921394
471	2.83977806587331
472	2.83927754772799
473	2.83673927598992
474	2.83254293767747
475	2.82713401178903
476	2.82098450830222
477	2.81455709514913
478	2.80827461103501
479	2.80249633234743
480	2.79750172167366
481	2.79348177899197
482	2.79053758155194
483	2.78868516214518
484	2.78786555482535
485	2.78795863889081
486	2.7887993335065
487	2.79019472623169
488	2.79194084234186
489	2.79383795743891
490	2.79570360051556
491	2.79738266515065
492	2.79875432095814
493	2.7997356765333
494	2.80028237327919
495	2.80038647519374
496	2.80007215590671
497	2.79938976823941
498	2.79840891450599
499	2.79721112219198
500	2.79588267661737
501	2.7945080785533
502	2.79316449026538
503	2.791917417988
504	2.79081776171773
505	2.78990025265542
506	2.78918320129845
507	2.78866939997578
508	2.78834796553575
509	2.7881968721091
510	2.78818590987043
511	2.7882798115856
512	2.78844131143362
513	2.7886339363555
514	2.7888243748435
515	2.7889843174179
516	2.78909171306333
517	2.78913143310844
518	2.78909537558282
519	2.78898207688726
520	2.78879592238757
521	2.78854606279011
522	2.78824514910085
523	2.78790799643095
524	2.7875502771887
525	2.78718732889985
526	2.78683314281003
527	2.78649957834434
528	2.78619582713395
529	2.785928130161
530	2.78569973383799
531	2.78551105641525
532	2.78536002554563
533	2.78524254134012
534	2.78515301672625
535	2.78508494802021
536	2.78503147278915
537	2.78498587862309
538	2.78494203459512
539	2.78489472619425
540	2.78483988364093
541	2.78477470210223
542	2.78469765989442
543	2.78460844691426
544	2.78450782004601
545	2.78439740505819
546	2.78427946557408
547	2.78415665922485
548	2.78403179930954
549	2.78390763748799
550	2.78378667954514
551	2.78367104241744
552	2.78356235677501
553	2.7834617157774
554	2.78336966739014
555	2.78328624502299
556	2.78321102932957
557	2.78314323282941
558	2.78308179855928
559	2.78302550416633
560	2.78297306361997
561	2.78292321991638
562	2.78287482364006
563	2.78282689389084
564	2.78277865974934
565	2.78272958202315
566	2.78267935639516
567	2.78262790021611
568	2.78257532600259
569	2.78252190520388
570	2.7824680259939
571	2.78241414875527
572	2.78236076259531
573	2.78230834572183
574	2.78225733186923
575	2.78220808426352
576	2.78216087790326
577	2.78211589026417
578	2.78207319994562
579	2.78203279229984
580	2.78199457073484
581	2.78195837216814
582	2.78192398502709
583	2.78189116822936
584	2.78185966971795
585	2.78182924334387
586	2.78179966316194
587	2.78177073450526
588	2.78174230150746
589	2.78171425102814
590	2.78168651318808
591	2.78165905892465
592	2.7816318951272
593	2.78160505800297
594	2.78157860535909
595	2.78155260846923
596	2.78152714413372
597	2.78150228744812
598	2.78147810567885
599	2.78145465351636
600	-4.45848023045586
601	-3.10101858668657
602	-1.67247619139056
603	-1.04620432057804
604	0.0676660043286558
605	1.04189389438726
606	1.38812636795969
607	1.33804083984345
608	1.24451358649105
609	1.21893654527092
610	1.23003063012101
611	1.27228753315331
612	1.38206154397138
613	1.57522770444802
614	1.82365368779563
615	2.08111211701109
616	2.31100032137804
617	2.49198594383217
618	2.61217912947819
619	2.66604467884065
620	2.65537845718106
621	2.5894136074499
622	2.48222850616894
623	2.34937238266809
624	2.20558120101376
625	2.0636935298082
626	1.93408846451459
627	1.82431711604244
628	1.739006531546
629	1.68009635881165
630	1.64728926126319
631	1.63855204887136
632	1.65058664855661
633	1.67926266207758
634	1.72001470469995
635	1.76819448233627
636	1.81936569169533
637	1.86953876115134
638	1.91534825304681
639	1.95417479869966
640	1.98421130454296
641	2.00447403829481
642	2.014762389288
643	2.0155743232308
644	2.00798684764713
645	1.99351234392053
646	1.97394254238503
647	1.95119199586953
648	1.92715195831446
649	1.90356371971376
650	1.88191801329058
651	1.86338442812385
652	1.84877209230947
653	1.83852044845209
654	1.83271689809364
655	1.83113656467337
656	1.83329846709555
657	1.83853199605926
658	1.84604768639296
659	1.85500679652224
660	1.86458504059849
661	1.87402686257972
662	1.88268778954562
663	1.8900635582678
664	1.89580579383068
665	1.89972496860779
666	1.90178213926817
667	1.90207152218636
668	1.90079631446967
669	1.89824030506346
670	1.89473776721491
671	1.89064390905437
672	1.88630781904317
673	1.88204941698106
674	1.87814144918191
675	1.87479708620638
676	1.87216322670656
677	1.87031920896403
678	1.86928030293146
679	1.8690051127654
680	1.86940586821945
681	1.87036052121415
682	1.87172558388702
683	1.87334873430829
684	1.87508036050044
685	1.87678339537775
686	1.87834099735606
687	1.87966183721221
688	1.8806829467543
689	1.88137025711525
690	1.88171709524476
691	1.88174101099893
692	1.88147937190926
693	1.88098418901363
694	1.88031662833372
695	1.87954162392901
696	1.87872294653546
697	1.87791900391028
698	1.8771795625799
699	1.87654349275139
700	2.67049356699955
701	2.56650748790083
702	3.43592814174629
703	3.40946518943528
704	2.78852757757673
705	2.12128406306592
706	1.66535356590043
707	1.40890898982099
708	1.28211218571208
709	1.27092132888861
710	1.38215417251899
711	1.59017945583927
712	1.84136289418236
713	2.08672468826152
714	2.29790720669197
715	2.46200099820902
716	2.57315736381505
717	2.63040986680188
718	2.6383901406135
719	2.60627349669871
720	2.54500499652511
721	2.46503674259923
722	2.37547847569638
723	2.28402428567857
724	2.19693743217955
725	2.11897924590484
726	2.05344153608784
727	2.0023142439619
728	1.96648441983294
729	1.94589074601335
730	1.93964411672208
731	1.94615515950223
732	1.9632867301815
733	1.98852510162493
734	2.01915891183621
735	2.05245821762679
736	2.08584534381159
737	2.11704586869018
738	2.1442076573774
739	2.16597955667896
740	2.1815466071112
741	2.1906231661017
742	2.19340875137247
743	2.19051399808677
744	2.18286587139776
745	2.17160196089658
746	2.15796328154582
747	2.14319377485479
748	2.12845298301274
749	2.11474642395938
750	2.10287621578355
751	2.0934126379714
752	2.08668570180852
753	2.0827945166424
754	2.08163131771104
755	2.08291646225004
756	2.08624047818067
757	2.09110932397315
758	2.09698933864763
759	2.10334886954057
760	2.10969420203163
761	2.11559812098843
762	2.12072015371906
763	2.12481823062559
764	2.12775211256389
765	2.12947944272498
766	2.13004566562385
767	2.12956930695501
768	2.12822422599593
769	2.12622044601717
770	2.12378505406947
771	2.12114446109833
772	2.1185090512878
773	2.1160609516476
774	2.11394534409361
775	2.11226544514259
776	2.11108101165451
777	2.11041000908431
778	2.11023291078353
779	2.11049898741455
780	2.11113389430298
781	2.11204786738027
782	2.11314388792078
783	2.11432526298747
784	2.11550218151926
785	2.11659693411157
786	2.11754761700718
787	2.11831026800075
788	2.11885949588383
789	2.11918775969796
790	2.1193035255154
791	2.11922857492719
792	2.11899476102517
793	2.11864050623462
794	2.11820731503419
795	2.11773653747522
796	2.11726657110749
797	2.1168306342047
798	2.11645518664159
799	2.11615902050154
800	2.73186345712037
801	2.72132704400155
802	3.56666812574215
803	5.09499599808882
804	4.78151746301872
805	4.15758135954961
806	4.09317923518792
807	4.08120440063175
808	3.65446630560338
809	2.92708688924475
810	2.19597317487678
811	1.57662925826803
812	1.03302322179851
813	0.540237277732229
814	0.132117046725198
815	-0.150009480422542
816	-0.296734015379568
817	-0.322940137000339
818	-0.246934523514335
819	-0.0842195737787636
820	0.147725787555432
821	0.426765251045023
822	0.728857057166504
823	1.03184087966132
824	1.31708763375182
825	1.56960833222239
826	1.77815407953955
827	1.93562117573519
828	2.03924034868301
829	2.09025164166182
830	2.09322366662245
831	2.0552675610733
832	1.98524279400788
833	1.89295492566697
834	1.78836843609458
835	1.6808984090386
836	1.57883843516057
837	1.4889487712864
838	1.41620497323914
839	1.36369924385596
840	1.33268238717519
841	1.32272678055122
842	1.33198311770883
843	1.35749992397565
844	1.39557520054702
845	1.44211209883242
846	1.49295406792716
847	1.54417937006554
848	1.59234020910497
849	1.63463751757686
850	1.66902808519814
851	1.69426575262537
852	1.70988261910451
853	1.71611949254789
854	1.71381704976929
855	1.70428033890303
856	1.68912939995637
857	1.67014803268891
858	1.6491412766716
859	1.62781017998514
860	1.60765012231969
861	1.58987652416109
862	1.57537939913057
863	1.56470604611757
864	1.55806935072968
865	1.5553777522626
866	1.55628197468956
867	1.5602331234354
868	1.56654668705546
869	1.5744673013098
870	1.58322976038996
871	1.5921126125582
872	1.60048166723498
873	1.60782178191396
874	1.61375631229932
875	1.61805453195552
876	1.62062810774003
877	1.62151832003837
878	1.62087612465496
879	1.61893736408919
880	1.61599546150539
881	1.61237379374979
882	1.60839967111461
883	1.60438148694009
884	1.60059017713978
885	1.59724568490685
886	1.59450869243702
887	1.59247748754122
888	1.59118950017225
889	1.59062678677675
890	1.59072456652952
891	1.59138182376098
892	1.5924729802508
893	1.59385969979602
894	1.59540200239156
895	1.59696802121395
896	1.59844191633326
897	1.59972964907466
898	1.60076250602478
899	1.60149842985421
900	1.60192135616913
901	1.6020388652774
902	1.60187853185604
903	1.60148339368693
904	1.60090696502942
905	1.60020819498967
906	1.59944672206065
907	1.59867870936949
908	1.59795346793371
909	1.5973109940637
910	1.59678046801281
911	1.59637968917758
912	1.59611536253
913	1.59598410417909
914	1.59597400237107
915	1.59606655399292
916	1.5962387948213
917	1.59646545257564
918	1.59672097288159
919	1.59698129674027
920	1.59722530110258
921	1.59743584881811
922	1.59760042797935
923	1.59771139133325
924	1.59776583230258
925	1.597765154117
926	1.59771440201747
927	1.59762143540935
928	1.59749601759298
929	1.59734889605866
930	1.59719093732687
931	1.59703236813373
932	1.59688216065912
933	1.59674758468451
934	1.59663393515462
935	1.59654443053188
936	1.59648026629166
937	1.59644079939365
938	1.596423833825
939	1.59642597437097
940	1.5964430154574
941	1.59647033390102
942	1.59650325825774
943	1.59653739266674
944	1.59656887911425
945	1.59659458836794
946	1.59661223598719
947	1.59662042540096
948	1.59661862475681
949	1.59660708787611
950	1.59658673209651
951	1.59655898703413
952	1.59652562842612
953	1.59648861035947
954	1.59644990754309
955	1.59641137705357
956	1.5963746464098
957	1.59634103212924
958	1.59631149029048
959	1.59628659824154
960	1.59626656458288
961	1.59625126300479
962	1.59624028451635
963	1.59623300207057
964	1.59622864153794
965	1.59622635334672
966	1.59622527981454
967	1.59622461414735
968	1.59622364818254
969	1.5962218071071
970	1.59621867050436
971	1.59621398010077
972	1.59620763544244
973	1.59619967939184
974	1.59619027577961
975	1.59617968177293
976	1.59616821754323
977	1.59615623565948
978	1.5961440923304
979	1.59613212221269
980	1.59612061803188
981	1.59610981576912
982	1.59609988568831
983	1.59609092904297
984	1.59608297993632
985	1.59607601152585
986	1.59606994557466
987	1.59606466425501
988	1.59606002310093
989	1.59605586407426
990	1.59605202783733
991	1.59604836450007
992	1.5960447423096
993	1.5960410539617
994	1.59603722041753
995	1.59603319229518
996	1.59602894906132
997	1.59602449636898
998	1.59601986196788
999	1.59601509065482
1000	1.59601023873542
