1	0
2	0
3	0
4	0
5	0
6	0
7	0
8	0
9	0
10	0
11	0
12	0
13	0
14	0
15	0
16	0
17	0
18	0
19	0
20	0
21	0
22	0
23	0
24	0
25	0
26	0
27	0
28	0
29	0
30	0
31	0
32	0
33	0
34	0
35	0
36	0
37	0
38	0
39	0
40	0
41	0
42	0
43	0
44	0
45	0
46	0
47	0
48	0
49	0
50	0
51	0
52	0
53	0
54	0
55	0
56	0
57	0
58	0
59	0
60	0
61	0
62	0
63	0
64	0
65	0
66	0
67	0
68	0
69	0
70	0
71	0
72	0
73	0
74	0
75	0
76	0
77	0
78	0
79	0
80	0
81	0
82	0
83	0
84	0
85	0
86	0
87	0
88	0
89	0
90	0
91	0
92	0
93	0
94	0
95	0
96	0
97	0
98	0
99	0
100	0
101	0
102	0
103	0
104	0
105	0
106	0
107	0
108	0
109	0
110	0
111	0
112	0
113	0
114	0
115	0
116	0
117	0
118	0
119	0
120	0
121	0
122	0
123	0
124	0
125	0
126	0
127	0
128	0
129	0
130	0
131	0
132	0
133	0
134	0
135	0
136	0
137	0
138	0
139	0
140	0
141	0
142	0
143	0
144	0
145	0
146	0
147	0
148	0
149	0
150	0
151	0
152	0
153	0
154	0
155	0
156	0
157	0
158	0
159	0
160	0
161	0
162	0
163	0
164	0
165	0
166	0
167	0
168	0
169	0
170	0
171	0
172	0
173	0
174	0
175	0
176	0
177	0
178	0
179	0
180	0
181	0
182	0
183	0
184	0
185	0
186	0
187	0
188	0
189	0
190	0
191	0
192	0
193	0
194	0
195	0
196	0
197	0
198	0
199	0
200	0
201	0
202	3.43368096175775
203	7.25167566462414
204	10.2915741751842
205	12.3748939274844
206	13.7018861747183
207	14.5349892511796
208	15.0770124156486
209	15.451454138561
210	15.7220467960758
211	15.918406180561
212	16.0550569654069
213	16.1419003758548
214	16.1883589674221
215	16.2040700505526
216	16.1982599253509
217	16.1789741372135
218	16.1526211103252
219	16.1238840637527
220	16.0958933521545
221	16.070525491176
222	16.0487268721355
223	16.0308034879925
224	16.0166528049786
225	16.0059354734032
226	15.9981950038484
227	15.9929367858774
228	15.9896773388506
229	15.98797273862
230	15.9874329881209
231	15.9877272148232
232	15.9885831175145
233	15.9897830141829
234	15.9911580778158
235	15.9925818065539
236	15.9939633958345
237	15.9952414177058
238	15.9963780342237
239	15.9973538542272
240	15.9981634680902
241	15.9988116498035
242	15.9993101898726
243	15.9996753087882
244	15.9999255943352
245	16.0000804036243
246	16.0001586706776
247	16.0001780617087
248	16.0001544225016
249	16.0001014653246
250	16.0000306465465
251	15.9999511904711
252	15.9998702197613
253	15.9997929580283
254	15.9997229755282
255	15.9996624542454
256	15.9996124537555
257	15.9995731640054
258	15.9995441353834
259	15.9995244801169
260	15.9995130420727
261	15.9995085344547
262	15.9995096467171
263	15.9995151232984
264	15.9995238175911
265	15.9995347249779
266	15.9995469988679
267	15.9995599535247
268	15.9995730571693
269	15.999585918426
270	15.9995982687047
271	15.9996099426277
272	15.9996208581352
273	15.9996309974718
274	15.999640389876
275	15.9996490964674
276	15.9996571975725
277	15.9996647825194
278	15.9996719417903
279	15.9996787613149
280	15.9996853186297
281	15.9996916805998
282	15.9996979023948
283	15.9997040274273
284	15.9997100879879
285	15.9997161063478
286	15.999722096134
287	15.9997280638253
288	15.9997340102492
289	15.9997399319954
290	15.9997458226889
291	15.9997516740893
292	15.9997574770029
293	15.9997632220074
294	15.9997689
295	15.9997745025873
296	15.9997800223376
297	15.9997854529201
298	15.9997907891527
299	15.9997960269827
300	15.9998011634163
301	15.9998061964183
302	15.9998111247919
303	15.9998159480525
304	15.9998206663027
305	15.9998252801145
306	15.9998297904239
307	15.9998341984382
308	15.9998385055583
309	15.9998427133156
310	15.9998468233219
311	15.9998508372323
312	15.9998547567173
313	15.9998585834452
314	15.9998623190699
315	15.9998659652254
316	15.9998695235235
317	15.9998729955543
318	15.999876382889
319	15.9998796870825
320	15.9998829096771
321	15.9998860522059
322	15.999889116195
323	15.9998921031661
324	15.9998950146378
325	15.9998978521258
326	15.9999006171431
327	15.9999033111995
328	15.9999059358004
329	15.9999084924452
330	15.9999109826257
331	15.9999134078242
332	15.9999157695118
333	15.999918069146
334	15.9999203081693
335	15.9999224880076
336	15.999924610068
337	15.9999266757381
338	15.9999286863846
339	15.9999306433522
340	15.9999325479627
341	15.9999344015145
342	15.999936205282
343	15.9999379605153
344	15.9999396684398
345	15.9999413302562
346	15.9999429471404
347	15.9999445202436
348	15.9999460506921
349	15.9999475395878
350	15.9999489880083
351	15.9999503970069
352	15.999951767613
353	15.9999531008326
354	15.9999543976481
355	15.9999556590192
356	15.9999568858827
357	15.9999580791533
358	15.9999592397233
359	15.9999603684639
360	15.9999614662246
361	15.9999625338343
362	15.9999635721011
363	15.9999645818131
364	15.9999655637388
365	15.9999665186269
366	15.9999674472075
367	15.9999683501919
368	15.9999692282731
369	15.9999700821264
370	15.9999709124094
371	15.9999717197629
372	15.9999725048108
373	15.9999732681607
374	15.9999740104044
375	15.9999747321179
376	15.999975433862
377	15.9999761161829
378	15.9999767796119
379	15.9999774246665
380	15.9999780518501
381	15.9999786616529
382	15.9999792545517
383	15.9999798310107
384	15.9999803914815
385	15.9999809364036
386	15.9999814662045
387	15.9999819813004
388	15.9999824820959
389	15.9999829689848
390	15.9999834423502
391	15.9999839025647
392	15.9999843499908
393	15.9999847849811
394	15.9999852078787
395	15.999985619017
396	15.9999860187206
397	15.9999864073053
398	15.9999867850779
399	15.9999871523371
400	15.9999875093733
401	15.9999878564689
402	15.1637874047835
403	14.0408096725731
404	12.9196072327838
405	11.9282980103531
406	11.1081763193868
407	10.4588675584373
408	9.96257573473245
409	9.59574443692807
410	9.33421226798923
411	9.15541810125032
412	9.03938181043121
413	8.96914973613984
414	8.93092805059522
415	8.9139758687262
416	8.91031043703388
417	8.91428948882027
418	8.92214121936024
419	8.93150308890025
420	8.94101226683338
421	8.94997035331425
422	8.95808809289008
423	8.9653042110739
424	8.97166620449185
425	8.97725876248658
426	8.98216607406397
427	8.98645632319172
428	8.9901792751581
429	8.99337042355464
430	8.99605739030626
431	8.99826602763311
432	9.00002495411147
433	9.00136812181344
434	9.00233553822496
435	9.0029725397716
436	9.00332811028575
437	9.00345272173422
438	9.00339609574574
439	9.00320517902033
440	9.00292251778671
441	9.00258512072357
442	9.00222382351798
443	9.00186311369075
444	9.00152134032371
445	9.0012112168204
446	9.00094052192788
447	9.00071291095399
448	9.00052876180668
449	9.00038599614764
450	9.00028083228034
451	9.00020844175626
452	9.00016349506625
453	9.00014059266336
454	9.00013458579856
455	9.00014079736301
456	9.00015515641282
457	9.00017426168376
458	9.00019538959352
459	9.00021646137364
460	9.00023598242609
461	9.00025296506161
462	9.00026684368514
463	9.00027738942931
464	9.00028462932224
465	9.00028877339092
466	9.00029015168492
467	9.00028916206906
468	9.00028622876681
469	9.00028177101567
470	9.00027618078744
471	9.00026980829571
472	9.00026295392164
473	9.00025586520463
474	9.00024873763426
475	9.00024171811881
476	9.00023491017117
477	9.00022838002855
478	9.0002221630948
479	9.00021627025447
480	9.00021069375052
481	9.00020541243799
482	9.00020039632424
483	9.00019561038001
484	9.00019101765436
485	9.00018658174702
486	9.00018226867877
487	9.00017804814422
488	9.00017389402453
489	9.00016978388241
490	9.00016569699326
491	9.00016161038862
492	9.00015749261212
493	9.00015329576372
494	9.00014894836487
495	9.00014435491157
496	9.00013941231573
497	9.00013405677459
498	9.00012835203781
499	9.00012261259901
500	9.000117510448
501	9.00011403018348
502	9.00011301702147
503	9.00011394741556
504	9.00011282031267
505	9.00010780194998
506	9.00009947651785
507	9.00008954488669
508	9.00007969771491
509	9.00007108489457
510	9.00006424829031
511	9.00005927276027
512	9.00005597745523
513	9.0000540648276
514	9.00005321076951
515	9.00005310915287
516	9.00005348985799
517	9.00005412460447
518	9.00005482822611
519	9.0000554582025
520	9.00005591288462
521	9.00005612821824
522	9.0000560729607
523	9.00005574275385
524	9.00005515365063
525	9.00005433572688
526	9.00005332729455
527	9.00005217005025
528	9.00005090530745
529	9.00004957131202
530	9.00004820153871
531	9.00004682381085
532	9.00004546006424
533	9.00004412658065
534	9.00004283453378
535	9.00004159071644
536	9.00004039834473
537	9.0000392578619
538	9.00003816768796
539	9.00003712488144
540	9.00003612569575
541	9.00003516602499
542	9.000034241743
543	9.00003334894525
544	9.00003248410671
545	9.00003164417035
546	9.00003082658095
547	9.00003002927815
548	9.00002925066096
549	9.0000284895343
550	9.00002774504607
551	9.00002701662128
552	9.00002630389822
553	9.00002560666989
554	9.00002492483283
555	9.00002425834422
556	9.00002360718758
557	9.0000229713467
558	9.000022350787
559	9.00002174544329
560	9.00002115521304
561	9.00002057995387
562	9.00002001948425
563	9.00001947358665
564	9.00001894201201
565	9.00001842448523
566	9.00001792071077
567	9.00001743037823
568	9.00001695316757
569	9.00001648875364
570	9.00001603681013
571	9.00001559701276
572	9.00001516904177
573	9.00001475258376
574	9.00001434733297
575	9.00001395299207
576	9.00001356927249
577	9.00001319589457
578	9.00001283258733
579	9.00001247908817
580	9.00001213514246
581	9.00001180050306
582	9.00001147492983
583	9.00001115818915
584	9.00001085005351
585	9.0000105503011
586	9.00001025871551
587	9.00000997508542
588	9.00000969920437
589	9.00000943087062
590	9.00000916988695
591	9.00000891606058
592	9.00000866920308
593	9.0000084291303
594	9.00000819566233
595	9.00000796862345
596	9.00000774784207
597	9.00000753315073
598	9.000007324386
599	9.00000712138851
600	9.00000692400281
601	9.00000673207737
602	9.07906536574231
603	9.09987540772237
604	9.0473537645656
605	8.95599136787496
606	8.86544338122193
607	8.80172232544441
608	8.7743458804117
609	8.78062867730173
610	8.81150640842043
611	8.85624497345706
612	8.90531564722176
613	8.95166680790183
614	8.99092352725313
615	9.02101683051547
616	9.04159934854211
617	9.05345540591492
618	9.05800313731428
619	9.05691854271033
620	9.05187651306239
621	9.0443895595487
622	9.03572167913287
623	9.02685644411652
624	9.01850178099204
625	9.01111753200691
626	9.00495521788093
627	9.00010228843423
628	8.99652554503626
629	8.99411036597249
630	8.99269389202438
631	8.99209147031775
632	8.99211645453568
633	8.99259397210688
634	8.99336955166455
635	8.99431361399056
636	8.99532281878748
637	8.99631917194253
638	8.99724766824887
639	8.99807309855964
640	8.99877650574687
641	8.99935164168041
642	8.99980166369758
643	9.00013621599038
644	9.00036896880096
645	9.00051563456737
646	9.0005924426619
647	9.00061503026484
648	9.00059769339111
649	9.00055293653874
650	9.00049125959763
651	9.00042112466564
652	9.00034905176526
653	9.00027979998582
654	9.00021659844634
655	9.00016139909185
656	9.00011513031792
657	9.00007793654246
658	9.00004939401123
659	9.00002869732187
660	9.00001481442958
661	9.00000661034285
662	9.00000294143729
663	9.0000027234268
664	9.00000497664967
665	9.00000885256159
666	9.00001364527638
667	9.00001879174404
668	9.000023863775
669	9.00002855466887
670	9.00003266272886
671	9.00003607347417
672	9.00003874192547
673	9.00004067594763
674	9.00004192129789
675	9.00004254874992
676	9.00004264344238
677	9.0000422964324
678	9.00004159831311
679	9.00004063467343
680	9.00003948313188
681	9.0000382116562
682	9.0000368778821
683	9.00003552916223
684	9.00003420310713
685	9.00003292842301
686	9.00003172590815
687	9.00003060954649
688	9.00002958773927
689	9.00002866484458
690	9.00002784333325
691	9.00002712695991
692	9.00002652526286
693	9.00002605922743
694	9.00002576678443
695	9.00002570472691
696	9.00002594073602
697	9.00002652658028
698	9.00002744406611
699	9.00002852449515
700	9.00002936843628
701	9.00002934402473
702	8.69849542225112
703	8.40650577223145
704	8.23469468836671
705	8.18896490992766
706	8.23531224423507
707	8.3343530529432
708	8.45507088269832
709	8.57736565465386
710	8.69004583072448
711	8.78786508100534
712	8.86908063026137
713	8.93385344564998
714	8.98333535105908
715	9.01918594930222
716	9.04331313424652
717	9.05771423964707
718	9.06436081580639
719	9.06510823944052
720	9.06162768538428
721	9.05536169082751
722	9.04750297643489
723	9.03899363385701
724	9.0305400642516
725	9.02263852121539
726	9.0156064995088
727	9.00961609583612
728	9.00472650160242
729	9.00091375455005
730	8.99809667618042
731	8.99615853023447
732	8.99496436937141
733	8.99437432318946
734	8.99425325364951
735	8.99447729287625
736	8.99493780696727
737	8.99554331649988
738	8.99621986428702
739	8.99691026459057
740	8.99757260372101
741	8.9981782958095
742	8.99870993382056
743	8.99915911742285
744	8.99952438784652
745	8.99980935612953
746	9.00002107532995
747	9.00016867902194
748	9.00026228705076
749	9.00031216426561
750	9.00032810785748
751	9.00031903307301
752	9.00029272456198
753	9.00025572063122
754	9.00021329950177
755	9.00016953968652
756	9.00012743031964
757	9.00008901127632
758	9.00005552692053
759	9.00002758109074
760	9.00000528433611
761	8.99998838736327
762	8.9999763971123
763	8.99996867385003
764	8.99996450917741
765	8.99996318594036
766	8.99996402176613
767	8.99996639837902
768	8.99996977904085
769	8.99997371646882
770	8.99997785345751
771	8.99998191821664
772	8.99998571616923
773	8.99998911966456
774	8.9999920567704
775	8.99999450003428
776	8.9999964558566
777	8.99999795490388
778	8.99999904381226
779	8.99999977828876
780	9.00000021760922
781	9.00000042043351
782	9.00000044180688
783	9.00000033118593
784	9.00000013131557
785	8.99999987778352
786	8.99999959908971
787	8.99999931708381
788	8.99999904764487
789	8.99999880149823
790	8.99999858508643
791	8.99999840143118
792	8.99999825094101
793	8.99999813213548
794	8.99999804226897
795	8.99999797784785
796	8.9999979350423
797	8.9999979099994
798	8.9999978990681
799	8.9999978989481
800	8.99999790677593
801	8.99999792016089
802	7.26880652240249
803	5.56084038590591
804	4.43645589546613
805	3.87215994820806
806	3.65830332326734
807	3.59539995902269
808	3.55796114150534
809	3.49198532350999
810	3.3901065432657
811	3.26680317250342
812	3.14152544413286
813	3.030073016654
814	2.94180719958614
815	2.88004819179155
816	2.84372211780372
817	2.82915282341935
818	2.83151578832969
819	2.84583721879608
820	2.86759057853061
821	2.89299461919295
822	2.91911296819528
823	2.94383262021276
824	2.96577504162704
825	2.98417513652856
826	2.99875055759131
827	3.00957540166765
828	3.01696669572585
829	3.0213881788242
830	3.02337310462365
831	3.02346581499881
832	3.0221805067704
833	3.01997482019147
834	3.01723551699902
835	3.01427348290927
836	3.0113254828995
837	3.00856042746779
838	3.00608830149911
839	3.00397031070267
840	3.00222917805701
841	3.00085885350026
842	2.99983317481833
843	2.99911323486824
844	2.998653373569
845	2.99840582899903
846	2.99832415821635
847	2.99836558300285
848	2.998492436074
849	2.99867288597177
850	2.9988811094236
851	2.99909706290223
852	2.99930598396239
853	2.99949773027644
854	2.99966604200266
855	2.99980779243477
856	2.99992227354727
857	3.00001054743664
858	3.00007488185728
859	3.00011827796183
860	3.000144090752
861	3.00015573732624
862	3.00015648444075
863	3.0001493048413
864	3.00013679095049
865	3.00012111451493
866	3.00010402147045
867	3.00008685235214
868	3.0000705798826
869	3.0000558567746
870	3.00004306817889
871	3.00003238451927
872	3.00002381163524
873	3.00001723617084
874	3.00001246499418
875	3.00000925810842
876	3.00000735503049
877	3.00000649498582
878	3.00000643151566
879	3.00000694223777
880	3.00000783456434
881	3.00000894818035
882	3.00001015504079
883	3.00001135757021
884	3.00001248565673
885	3.00001349293561
886	3.00001435276367
887	3.00001505420268
888	3.00001559826339
889	3.00001599461507
890	3.00001625893549
891	3.00001641104953
892	3.00001647394939
893	3.0000164736486
894	3.00001643951813
895	3.00001640421483
896	3.00001640155097
897	3.00001645991024
898	3.00001658878201
899	3.00001675804023
900	3.00001687585697
901	3.00001678394607
902	3.00001630895009
903	3.00001543160728
904	3.00001461358694
905	3.00001426520292
906	3.00001454000521
907	3.00001534316919
908	3.00001643459518
909	3.00001754165607
910	3.00001843904861
911	3.00001898603293
912	3.000019129392
913	3.00001888624792
914	3.00001831944214
915	3.00001751394905
916	3.00001655851391
917	3.00001553359389
918	3.00001450491914
919	3.00001352128407
920	3.00001261511696
921	3.00001180461927
922	3.00001109659383
923	3.00001048938373
924	3.00000997557936
925	3.00000954431841
926	3.00000918311423
927	3.00000887921763
928	3.0000086205573
929	3.00000839632492
930	3.00000819727805
931	3.00000801583226
932	3.00000784600672
933	3.00000768327733
934	3.00000752437991
935	3.00000736709551
936	3.00000721003945
937	3.00000705246814
938	3.00000689411082
939	3.00000673502928
940	3.00000657550494
941	3.00000641595107
942	3.00000625684685
943	3.00000609868959
944	3.0000059419616
945	3.00000578710841
946	3.00000563452569
947	3.00000548455248
948	3.00000533746907
949	3.00000519349804
950	3.00000505280747
951	3.00000491551546
952	3.00000478169548
953	3.00000465138204
954	3.00000452457641
955	3.00000440125216
956	3.00000428136035
957	3.00000416483423
958	3.00000405159345
959	3.00000394154756
960	3.00000383459904
961	3.0000037306456
962	3.000003629582
963	3.00000353130133
964	3.00000343569589
965	3.00000334265778
966	3.00000325207926
967	3.00000316385316
968	3.00000307787335
969	3.00000299403551
970	3.0000029122383
971	3.00000283238506
972	3.00000275438617
973	3.00000267816193
974	3.00000260364611
975	3.00000253078983
976	3.0000024595656
977	3.0000023899712
978	3.00000232203273
979	3.00000225580648
980	3.00000219137878
981	3.00000212886335
982	3.00000206839541
983	3.00000201012227
984	3.00000195419056
985	3.00000190073123
986	3.0000018498455
987	3.00000180159837
988	3.00000175603161
989	3.00000171321431
990	3.00000167335526
991	3.00000163699898
992	3.00000160530797
993	3.00000158037748
994	3.00000156542011
995	3.00000156448947
996	3.00000158122361
997	3.00000161600955
998	3.0000016612804
999	3.00000169581945
1000	3.00000168153596
