1	0
2	0
3	0
4	0
5	0
6	0
7	0
8	0
9	0
10	0
11	0
12	0
13	0
14	0
15	0
16	0
17	0
18	0
19	0
20	0
21	0
22	0
23	0
24	0
25	0
26	0
27	0
28	0
29	0
30	0
31	0
32	0
33	0
34	0
35	0
36	0
37	0
38	0
39	0
40	0
41	0
42	0
43	0
44	0
45	0
46	0
47	0
48	0
49	0
50	0
51	0
52	0
53	0
54	0
55	0
56	0
57	0
58	0
59	0
60	0
61	0
62	0
63	0
64	0
65	0
66	0
67	0
68	0
69	0
70	0
71	0
72	0
73	0
74	0
75	0
76	0
77	0
78	0
79	0
80	0
81	0
82	0
83	0
84	0
85	0
86	0
87	0
88	0
89	0
90	0
91	0
92	0
93	0
94	0
95	0
96	0
97	0
98	0
99	0
100	0
101	0
102	0
103	0
104	0
105	0
106	0
107	0
108	0
109	0
110	0
111	0
112	0
113	0
114	0
115	0
116	0
117	0
118	0
119	0
120	0
121	0
122	0
123	0
124	0
125	0
126	0
127	0
128	0
129	0
130	0
131	0
132	0
133	0
134	0
135	0
136	0
137	0
138	0
139	0
140	0
141	0
142	0
143	0
144	0
145	0
146	0
147	0
148	0
149	0
150	0
151	0
152	0
153	0
154	0
155	0
156	0
157	0
158	0
159	0
160	0
161	0
162	0
163	0
164	0
165	0
166	0
167	0
168	0
169	0
170	0
171	0
172	0
173	0
174	0
175	0
176	0
177	0
178	0
179	0
180	0
181	0
182	0
183	0
184	0
185	0
186	0
187	0
188	0
189	0
190	0
191	0
192	0
193	0
194	0
195	0
196	0
197	0
198	0
199	0
200	0
201	0
202	4.1371710130089
203	8.14410048361399
204	10.6627757280631
205	11.7375700610174
206	11.8667026832867
207	11.5404166960767
208	11.0883542804321
209	10.6790204228791
210	10.3705980260823
211	10.1630630073714
212	10.0343503660146
213	9.95978038585524
214	9.91973618358982
215	9.90095788120458
216	9.89525815802576
217	9.89774477389336
218	9.90540413848375
219	9.91621949033975
220	9.92871546887906
221	9.94176116950337
222	9.95449701972171
223	9.9663044913812
224	9.976781099407
225	9.98570934294465
226	9.99302035866374
227	9.99875660550421
228	10.0030374577024
229	10.0060299499737
230	10.0079254142229
231	10.0089217744848
232	10.0092107942339
233	10.0089694300968
234	10.0083544781934
235	10.0074997968949
236	10.0065154972531
237	10.0054885888035
238	10.0044846506131
239	10.0035501685273
240	10.0027152433178
241	10.0019964330937
242	10.001399547545
243	10.0009222609165
244	10.0005564542894
245	10.0002902350781
246	10.0001096122787
247	9.99999982994843
248	9.99994637903748
249	9.99993571966561
250	9.99995575303163
251	9.99999608523857
252	10.0000481252815
253	10.0001050571044
254	10.0001617217254
255	10.0002144405871
256	10.0002608060375
257	10.0002994595748
258	10.0003298735162
259	10.0003521472536
260	10.0003668253787
261	10.0003747417301
262	10.0003768908525
263	10.0003743264168
264	10.000368084766
265	10.0003591308605
266	10.0003483233973
267	10.0003363957047
268	10.000323949073
269	10.0003114554183
270	10.0002992665176
271	10.0002876274548
272	10.0002766923401
273	10.0002665407818
274	10.0002571939682
275	10.0002486295619
276	10.0002407948992
277	10.0002336182222
278	10.0002270178597
279	10.0002209094144
280	10.0002152111046
281	10.0002098474773
282	10.0002047517362
283	10.0001998669411
284	10.0001951463237
285	10.000190552951
286	10.0001860589339
287	10.0001816443538
288	10.0001772960451
289	10.0001730063415
290	10.0001687718667
291	10.000164592424
292	10.0001604700202
293	10.0001564080396
294	10.0001524105731
295	10.0001484818964
296	10.0001446260846
297	10.0001408467471
298	10.000137146863
299	10.0001335286993
300	10.0001299937925
301	10.000126542977
302	10.0001231764463
303	10.0001198938331
304	10.0001166942998
305	10.0001135766309
306	10.0001105393214
307	10.0001075806581
308	10.0001046987901
309	10.000101891789
310	10.0000991576969
311	10.0000964945641
312	10.0000939004771
313	10.0000913735767
314	10.0000889120707
315	10.0000865142388
316	10.0000841784345
317	10.0000819030826
318	10.0000796866751
319	10.0000775277655
320	10.0000754249625
321	10.0000733769234
322	10.0000713823481
323	10.0000694399732
324	10.0000675485678
325	10.0000657069286
326	10.0000639138773
327	10.0000621682578
328	10.0000604689343
329	10.0000588147902
330	10.0000572047275
331	10.0000556376661
332	10.0000541125443
333	10.000052628318
334	10.0000511839622
335	10.0000497784702
336	10.0000484108546
337	10.0000470801477
338	10.0000457854011
339	10.0000445256868
340	10.0000433000967
341	10.0000421077427
342	10.0000409477571
343	10.0000398192921
344	10.0000387215199
345	10.0000376536322
346	10.0000366148404
347	10.0000356043748
348	10.0000346214848
349	10.0000336654381
350	10.0000327355206
351	10.0000318310359
352	10.0000309513053
353	10.0000300956668
354	10.0000292634752
355	10.0000284541016
356	10.0000276669331
357	10.0000269013724
358	10.0000261568374
359	10.0000254327608
360	10.0000247285902
361	10.0000240437872
362	10.0000233778273
363	10.0000227301997
364	10.0000221004069
365	10.0000214879645
366	10.0000208924005
367	10.0000203132556
368	10.0000197500823
369	10.0000192024452
370	10.0000186699204
371	10.0000181520949
372	10.0000176485672
373	10.0000171589461
374	10.0000166828511
375	10.0000162199117
376	10.0000157697675
377	10.0000153320675
378	10.0000149064706
379	10.0000144926444
380	10.0000140902658
381	10.0000136990203
382	10.0000133186019
383	10.0000129487128
384	10.0000125890634
385	10.0000122393719
386	10.0000118993643
387	10.0000115687737
388	10.0000112473408
389	10.0000109348133
390	10.0000106309456
391	10.0000103354991
392	10.0000100482413
393	10.0000097689465
394	10.0000094973949
395	10.0000092333727
396	10.0000089766722
397	10.000008727091
398	10.0000084844327
399	10.0000082485058
400	10.0000080191245
401	10.0000077961078
402	7.51770497147432
403	5.11354707830066
404	3.60234172667165
405	2.95746492762876
406	2.8799851605287
407	3.07575656449493
408	3.34699383075176
409	3.59259396723871
410	3.77764723221619
411	3.90216807514943
412	3.97939549634427
413	4.02413732536526
414	4.04816369206847
415	4.05943052313968
416	4.06285021086402
417	4.06135809922169
418	4.05676234229428
419	4.05027299684666
420	4.04277527912185
421	4.03494773177551
422	4.02730609820185
423	4.02022149519518
424	4.0139354137058
425	4.00857835415461
426	4.00419163445084
427	4.00074977914413
428	3.99818116360892
429	3.99638556693472
430	3.99524818989965
431	3.99465027800627
432	3.99447677309514
433	3.9946215011177
434	3.99499038433071
435	3.99550310764181
436	3.99609360435112
437	3.99670966866943
438	3.99731195308902
439	3.99787256603496
440	3.99837344697651
441	3.99880466097982
442	3.99916272216187
443	3.9994490259059
444	3.99966844349292
445	3.99982811040367
446	3.99993642117049
447	4.00000222929076
448	4.00003424012915
449	4.00004057755372
450	4.00002850079269
451	4.00000424614228
452	3.99997296817743
453	3.99993875652134
454	3.99990470657449
455	3.99987302550786
456	3.99984515797842
457	3.99982191918459
458	3.99980362586664
459	3.99979021855241
460	3.9997813706795
461	3.99977658216029
462	3.99977525649545
463	3.99977676170647
464	3.99978047618623
465	3.99978582110421
466	3.99979228130027
467	3.99979941670731
468	3.99980686630586
469	3.99981434647451
470	3.99982164539556
471	3.99982861493494
472	3.99983516116291
473	3.99984123443527
474	3.99984681972571
475	3.9998519276967
476	3.99985658682331
477	3.99986083674214
478	3.99986472288638
479	3.99986829238448
480	3.99987159114174
481	3.99987466198758
482	3.99987754375265
483	3.99988027113452
484	3.99988287521394
485	3.99988538448465
486	3.99988782624727
487	3.99989022817107
488	3.99989261972976
489	3.99989503306235
490	3.99989750263749
491	3.99990006303981
492	3.99990274453094
493	3.99990556723028
494	3.99990853738242
495	3.99991165358906
496	3.99991493646585
497	3.99991849900727
498	3.99992266992143
499	3.99992815555267
500	3.99993616000485
501	3.99994826187027
502	3.99996567426779
503	3.9999873541976
504	4.00000661851707
505	4.00001982158409
506	4.00002686738954
507	4.00002940503464
508	4.00002927153887
509	4.00002777838267
510	4.00002562980058
511	4.00002311586804
512	4.00002033442828
513	4.00001733875786
514	4.00001420114189
515	4.00001102064375
516	4.00000790675878
517	4.00000496010908
518	4.00000225959942
519	3.99999985756447
520	3.99999778082567
521	3.99999603485922
522	3.99999460891034
523	3.99999348082482
524	3.99999262111081
525	3.99999199616925
526	3.99999157080464
527	3.99999131015411
528	3.99999118114226
529	3.99999115353273
530	3.99999120062423
531	3.9999912996321
532	3.99999143179826
533	3.99999158227839
534	3.99999173985847
535	3.99999189655326
536	3.99999204713557
537	3.99999218863871
538	3.99999231986626
539	3.99999244093493
540	3.99999255286766
541	3.99999265724691
542	3.99999275593214
543	3.99999285084039
544	3.99999294378575
545	3.99999303637095
546	3.99999312992322
547	3.99999322546594
548	3.99999332371799
549	3.99999342511306
550	3.99999352983219
551	3.99999363784405
552	3.99999374894816
553	3.99999386281779
554	3.99999397903979
555	3.99999409714999
556	3.99999421666305
557	3.99999433709644
558	3.99999445798886
559	3.99999457891318
560	3.99999469948485
561	3.99999481936627
562	3.999994938268
563	3.99999505594757
564	3.99999517220643
565	3.99999528688586
566	3.9999953998622
567	3.9999955110418
568	3.99999562035611
569	3.99999572775708
570	3.99999583321294
571	3.99999593670463
572	3.99999603822271
573	3.9999961377649
574	3.99999623533409
575	3.99999633093687
576	3.99999642458246
577	3.9999965162819
578	3.99999660604766
579	3.9999966938933
580	3.99999677983341
581	3.99999686388353
582	3.99999694606022
583	3.9999970263811
584	3.99999710486492
585	3.99999718153167
586	3.99999725640252
587	3.99999732949993
588	3.99999740084757
589	3.99999747047028
590	3.999997538394
591	3.99999760464571
592	3.99999766925327
593	3.99999773224535
594	3.99999779365126
595	3.99999785350088
596	3.99999791182448
597	3.99999796865266
598	3.99999802401619
599	3.99999807794595
600	3.99999813047282
601	3.99999818162757
602	2.3037581161072
603	0.660917081661347
604	-0.371739721341473
605	-0.812405351882478
606	-0.86534968226421
607	-0.731572383951959
608	-0.546226751145365
609	-0.378399828291911
610	-0.251946605456296
611	-0.16685720871637
612	-0.114084987745258
613	-0.0835112588923073
614	-0.0670930999772191
615	-0.0593939609889491
616	-0.0570570404263495
617	-0.0580765197994324
618	-0.0612168270516362
619	-0.0656510899621741
620	-0.070774410669499
621	-0.0761231182660528
622	-0.0813447880088455
623	-0.0861858233340674
624	-0.0904812053404996
625	-0.0941417586578551
626	-0.0971392493012979
627	-0.0994910854174162
628	-0.101246210424888
629	-0.102473108539311
630	-0.103250225824532
631	-0.103658711118005
632	-0.103777187428007
633	-0.10367820695527
634	-0.103426056093177
635	-0.103075616757991
636	-0.102672034465024
637	-0.102250983107535
638	-0.101839350086202
639	-0.101456194580319
640	-0.101113857887992
641	-0.100819128814751
642	-0.100574389313236
643	-0.100378685802566
644	-0.100228689503745
645	-0.100119524433831
646	-0.100045454258126
647	-0.100000429017397
648	-0.0999784999799416
649	-0.0999741157761318
650	-0.0999823158828163
651	-0.099998838793408
652	-0.10002016219496
653	-0.100043491513759
654	-0.100066711588899
655	-0.100088314248572
656	-0.100107312408971
657	-0.100123149156609
658	-0.100135608233169
659	-0.100144730500291
660	-0.10015073936873
661	-0.100153976853852
662	-0.100154850867587
663	-0.100153793560918
664	-0.100151229965034
665	-0.100147555812045
666	-0.100143123213395
667	-0.100138232801884
668	-0.100133130969408
669	-0.100128010928437
670	-0.100123016466171
671	-0.100118247425858
672	-0.100113766123719
673	-0.1001096040803
674	-0.100105768603207
675	-0.100102248898588
676	-0.100099021508445
677	-0.100096054968818
678	-0.100093313660664
679	-0.100090760882322
680	-0.100088361212317
681	-0.100086082256471
682	-0.100083895886913
683	-0.100081779084657
684	-0.100079714493176
685	-0.100077690776428
686	-0.100075702846265
687	-0.100073751972871
688	-0.100071845708651
689	-0.100069997439543
690	-0.100068225252364
691	-0.100066549751809
692	-0.10006499064516
693	-0.100063562614918
694	-0.100062272562706
695	-0.100061122946534
696	-0.10006012927826
697	-0.100059362138172
698	-0.100059021049411
699	-0.100059531568396
700	-0.100061617344628
701	-0.100066226180042
702	-0.100074086098702
703	-0.100084571021669
704	-0.100093670422101
705	-0.100099195982327
706	-0.100101088941555
707	-0.100100337444606
708	-0.100098042281294
709	-0.100094988858091
710	-0.100091598211284
711	-0.100088042887938
712	-0.100084380123323
713	-0.100080640454836
714	-0.100076865876106
715	-0.100073114503322
716	-0.100069450768417
717	-0.100065933834321
718	-0.10006260988524
719	-0.100059509210557
720	-0.100056646834106
721	-0.100054025010015
722	-0.100051636286478
723	-0.100049466400457
724	-0.100047496710936
725	-0.100045706134099
726	-0.10004407264725
727	-0.100042574444325
728	-0.100041190807435
729	-0.100039902736819
730	-0.100038693367935
731	-0.100037548200084
732	-0.100036455162379
733	-0.100035404546139
734	-0.100034388835035
735	-0.100033402464433
736	-0.100032441539224
737	-0.10003150353554
738	-0.100030587006862
739	-0.10002969130987
740	-0.100028816360406
741	-0.100027962425521
742	-0.100027129953924
743	-0.100026319444282
744	-0.100025531348778
745	-0.100024766007912
746	-0.100024023611814
747	-0.100023304183042
748	-0.100022607575916
749	-0.100021933487848
750	-0.100021281478623
751	-0.100020650994252
752	-0.100020041392652
753	-0.100019451969065
754	-0.100018881979718
755	-0.100018330662755
756	-0.100017797255862
757	-0.100017281010428
758	-0.100016781202267
759	-0.100016297139177
760	-0.10001582816569
761	-0.100015373665464
762	-0.100014933061766
763	-0.100014505816489
764	-0.100014091428125
765	-0.100013689429049
766	-0.100013299382418
767	-0.100012920878941
768	-0.100012553533696
769	-0.100012196983143
770	-0.100011850882411
771	-0.100011514902909
772	-0.100011188730284
773	-0.100010872062729
774	-0.100010564609599
775	-0.100010266090329
776	-0.100009976233585
777	-0.100009694776631
778	-0.100009421464849
779	-0.100009156051384
780	-0.100008898296885
781	-0.100008647969308
782	-0.100008404843745
783	-0.100008168702288
784	-0.100007939333884
785	-0.100007716534185
786	-0.100007500105388
787	-0.100007289856072
788	-0.100007085601014
789	-0.100006887161017
790	-0.100006694362718
791	-0.10000650703842
792	-0.100006325025921
793	-0.100006148168336
794	-0.10000597631392
795	-0.100005809315834
796	-0.100005647031879
797	-0.100005489324183
798	-0.100005336058907
799	-0.100005187106101
800	-0.100005042339835
