1	0
2	0
3	0
4	0
5	0
6	0
7	0
8	0
9	0
10	0
11	0
12	0
13	0
14	0
15	0
16	0
17	0
18	0
19	0
20	0
21	0
22	0
23	0
24	0
25	0
26	0
27	0
28	0
29	0
30	0
31	0
32	0
33	0
34	0
35	0
36	0
37	0
38	0
39	0
40	0
41	0
42	0
43	0
44	0
45	0
46	0
47	0
48	0
49	0
50	0
51	0
52	0
53	0
54	0
55	0
56	0
57	0
58	0
59	0
60	0
61	0
62	0
63	0
64	0
65	0
66	0
67	0
68	0
69	0
70	0
71	0
72	0
73	0
74	0
75	0
76	0
77	0
78	0
79	0
80	0
81	0
82	0
83	0
84	0
85	0
86	0
87	0
88	0
89	0
90	0
91	0
92	0
93	0
94	0
95	0
96	0
97	0
98	0
99	0
100	0
101	0
102	0
103	0
104	0
105	0
106	0
107	0
108	0
109	0
110	0
111	0
112	0
113	0
114	0
115	0
116	0
117	0
118	0
119	0
120	0
121	0
122	0
123	0
124	0
125	0
126	0
127	0
128	0
129	0
130	0
131	0
132	0
133	0
134	0
135	0
136	0
137	0
138	0
139	0
140	0
141	0
142	0
143	0
144	0
145	0
146	0
147	0
148	0
149	0
150	0
151	0
152	0
153	0
154	0
155	0
156	0
157	0
158	0
159	0
160	0
161	0
162	0
163	0
164	0
165	0
166	0
167	0
168	0
169	0
170	0
171	0
172	0
173	0
174	0
175	0
176	0
177	0
178	0
179	0
180	0
181	0
182	0
183	0
184	0
185	0
186	0
187	0
188	0
189	0
190	0
191	0
192	0
193	0
194	0
195	0
196	0
197	0
198	0
199	0
200	0
201	0
202	-0.477220841988064
203	1.5199111124712
204	7.95247844375536
205	15.4017625714565
206	21.0753073961614
207	24.39215859124
208	25.6963405259539
209	25.2786050474464
210	23.4219657452011
211	20.6379415471647
212	17.5794252264582
213	14.7955686757799
214	12.6094533546284
215	11.1511500750662
216	10.4297930847803
217	10.3745282864555
218	10.8557577228775
219	11.7120065242714
220	12.78155232304
221	13.9250935022649
222	15.0343183200232
223	16.03149394488
224	16.866183765127
225	17.5113269154943
226	17.9587144992447
227	18.2142025583736
228	18.2935226209922
229	18.2191751790969
230	18.0182223734264
231	17.7205403684942
232	17.3572372225087
233	16.9591439907311
234	16.555378198409
235	16.172008177744
236	15.8308806395758
237	15.5487060807078
238	15.3364958037561
239	15.1994072162464
240	15.1370023655713
241	15.1438781072632
242	15.2105918067963
243	15.3247842299211
244	15.4723914033182
245	15.6388400105182
246	15.8101347016417
247	15.9737669014999
248	16.1193992309794
249	16.2393042467429
250	16.3285585831535
251	16.3850122220543
252	16.409066609765
253	16.4033043824528
254	16.3720177790252
255	16.3206830004247
256	16.2554245796011
257	16.1825080827079
258	16.1078919919111
259	16.0368612007585
260	15.9737558811179
261	15.9218011488328
262	15.8830354407787
263	15.8583291777612
264	15.8474803661508
265	15.8493704109008
266	15.8621615887961
267	15.8835172801945
268	15.9108270142184
269	15.9414204166224
270	15.9727569892756
271	16.0025820029807
272	16.0290423602422
273	16.0507598114737
274	16.0668621537476
275	16.0769758207309
276	16.0811854564768
277	16.0799675822112
278	16.0741062973523
279	16.0645991361893
280	16.0525608030582
281	16.0391316348757
282	16.0253964130284
283	16.0123176974521
284	16.000686312873
285	15.9910900985815
286	15.9839006394432
287	15.9792765058504
288	15.9771805983184
289	15.9774085479266
290	15.9796247726921
291	15.9834027173583
292	15.9882659780307
293	15.9937273890734
294	15.9993236752953
295	16.0046438920335
296	16.0093505345894
297	16.0131928464643
298	16.0160124502103
299	16.0177419320269
300	16.0183974084079
301	16.0180663776543
302	16.016892308421
303	16.0150574480182
304	16.0127652585703
305	16.010223728331
306	16.0076305808439
307	16.0051611399533
308	16.0029593272892
309	16.0011319921508
310	15.9997465199662
311	15.9988314489775
312	15.9983796553419
313	15.9983535497891
314	15.9986916653833
315	15.9993160030844
316	16.000139533842
317	16.0010733247788
318	16.0020328530637
319	16.002943184186
320	16.0037428115517
321	16.0043860724925
322	16.0048441641138
323	16.005104874821
324	16.0051712196556
325	16.005059217475
326	16.0047950750717
327	16.0044120487332
328	16.0039472399802
329	16.0034385527623
330	16.0029219983258
331	16.0024294856304
332	16.0019871838385
333	16.0016144929373
334	16.0013236123014
335	16.0011196575646
336	16.0010012453272
337	16.0009614439549
338	16.0009889772027
339	16.0010695651296
340	16.0011872926797
341	16.0013259089134
342	16.0014699774303
343	16.0016058191828
344	16.0017222108168
345	16.0018108232249
346	16.0018664047468
347	16.0018867302793
348	16.0018723507208
349	16.0018261862392
350	16.0017530117568
351	16.0016588840003
352	16.0015505569245
353	16.0014349269211
354	16.0013185417189
355	16.0012071980519
356	16.0011056438028
357	16.001017391123
358	16.0009446386037
359	16.0008882933867
360	16.0008480784897
361	16.0008227067584
362	16.0008101007676
363	16.0008076375938
364	16.0008123984743
365	16.0008214056734
366	16.0008318320894
367	16.000841172908
368	16.0008473726087
369	16.0008489045646
370	16.0008448040719
371	16.0008346587133
372	16.0008185623533
373	16.0007970407107
374	16.0007709573437
375	16.0007414090488
376	16.0007096192091
377	16.0006768366355
378	16.000644246077
379	16.0006128949578
380	16.0005836391956
381	16.000557109271
382	16.0005336961852
383	16.0005135556346
384	16.0004966277056
385	16.000482668696
386	16.0004712912867
387	16.0004620092194
388	16.0004542828363
389	16.0004475622599
390	16.0004413255809
391	16.000435110106
392	16.0004285354538
393	16.0004213179988
394	16.0004132768231
395	16.000404331891
396	16.0003944955997
397	16.0003838591575
398	16.0003725754027
399	16.0003608397045
400	16.0003488705025
401	16.0003368908599
402	22.2398719034178
403	25.7929627110047
404	22.2656223816097
405	16.0063155664303
406	11.7431298400415
407	10.1372410865743
408	9.80409111894118
409	9.99863763645796
410	10.8530213587018
411	12.4286934241908
412	14.3487428136207
413	16.1303376465863
414	17.5092418514121
415	18.4385671896272
416	18.9473576640245
417	19.0717045368414
418	18.8672767777225
419	18.4217202782051
420	17.8356640248571
421	17.1967730882823
422	16.569668798562
423	15.9993181413753
424	15.5161243180126
425	15.1380115233214
426	14.8716313009252
427	14.7147157251849
428	14.6589815027815
429	14.6923074210448
430	14.7999505910444
431	14.9653546794798
432	15.1709883538836
433	15.3992525850758
434	15.6333461577971
435	15.8580416960971
436	16.0603724796993
437	16.2302001915236
438	16.3605989179083
439	16.4480025587534
440	16.4921039993099
441	16.4955304694428
442	16.4633394201066
443	16.4023896816259
444	16.3206489050131
445	16.226499130629
446	16.1280959661285
447	16.0328247556125
448	15.9468825836471
449	15.8750005489463
450	15.8203076954228
451	15.7843269300116
452	15.7670847084673
453	15.7673105614527
454	15.7826996283408
455	15.8102109239587
456	15.8463756175954
457	15.8875926792704
458	15.9303933869222
459	15.9716609475759
460	16.0087964567042
461	16.0398272504851
462	16.0634581114965
463	16.0790695541893
464	16.0866703929832
465	16.0868138988524
466	16.0804880589136
467	16.0689908050622
468	16.0538006589413
469	16.0364521769992
470	16.0184240233797
471	16.0010456163217
472	15.9854262536615
473	15.972408583028
474	15.9625463808865
475	15.9561049533841
476	15.9530811513836
477	15.9532390495635
478	15.9561567903281
479	15.9612799237205
480	15.9679767464316
481	15.9755915996918
482	15.9834927584984
483	15.9911123586987
484	15.9979766894848
485	16.0037260576906
486	16.0081242471039
487	16.0110583031612
488	16.0125299370948
489	16.012640244346
490	16.0115696640765
491	16.0095551764171
492	16.0068666584205
493	16.0037841229633
494	16.0005772765234
495	15.9974884836359
496	15.9947198495655
497	15.9924247577107
498	15.9907038498823
499	15.9896051361181
500	15.9891276804503
501	15.9892281383324
502	15.989829322693
503	15.9908299460399
504	15.992114718551
505	15.9935640662414
506	15.9950628565123
507	15.9965076671127
508	15.9978122952466
509	15.9989113637049
510	15.9997620296325
511	16.0003439302286
512	16.0006576021878
513	16.0007216844907
514	16.0005692562148
515	16.0002436735371
516	15.9997942561193
517	15.9992721370325
518	15.9987265376888
519	15.9982016656843
520	15.9977343647973
521	15.9973525779912
522	15.9970746207681
523	15.9969092072893
524	15.9968561279488
525	15.9969074460385
526	15.9970490632389
527	15.9972624983789
528	15.9975267299262
529	15.9978199680977
530	15.9981212450123
531	15.9984117384722
532	15.9986757742945
533	15.9989014813205
534	15.9990811003486
535	15.999210971674
536	15.9992912445843
537	15.9993253653897
538	15.9993194081963
539	15.9992813148673
540	15.9992201080247
541	15.9991451343436
542	15.9990653857509
543	15.9989889345337
544	15.9989225058307
545	15.9988711985035
546	15.9988383538117
547	15.998825561306
548	15.9988327833968
549	15.9988585744087
550	15.9989003666867
551	15.9989547953725
552	15.9990180345839
553	15.999086120559
554	15.9991552414453
555	15.9992219783781
556	15.9992834878446
557	15.9993376206565
558	15.9993829778009
559	15.9994189077034
560	15.9994454528401
561	15.9994632560367
562	15.9994734381786
563	15.9994774594531
564	15.9994769757696
565	15.9994737007879
566	15.9994692822267
567	15.999465199002
568	15.9994626834586
569	15.9994626706818
570	15.9994657747683
571	15.9994722901087
572	15.9994822142902
573	15.9994952881969
574	15.9995110483001
575	15.9995288859599
576	15.9995481087666
577	15.9995679994681
578	15.9995878687829
579	15.9996070993063
580	15.9996251786917
581	15.9996417212617
582	15.9996564781073
583	15.9996693365058
584	15.9996803101127
585	15.9996895218147
586	15.9996971813858
587	15.9997035601572
588	15.9997089648244
589	15.9997137122932
590	15.9997181071424
591	15.9997224228961
592	15.9997268878782
593	15.9997316760104
594	15.9997369025263
595	15.9997426242455
596	15.9997488437849
597	15.9997555169023
598	15.9997625620536
599	15.9997698712231
600	15.9997773211175
601	15.9997847839132
602	18.5678176299185
603	20.4375332172956
604	20.1971508678435
605	19.2815499264496
606	19.0835506005271
607	19.5887790915241
608	20.203329307844
609	20.6628119484122
610	21.0449278407921
611	21.4127578263181
612	21.6927921911712
613	21.7905556552826
614	21.6893029748417
615	21.4356626037924
616	21.0859322251585
617	20.6839522978322
618	20.2679118513563
619	19.8760852284313
620	19.5417699369485
621	19.2865487424195
622	19.1192356934056
623	19.0390158270948
624	19.03862286708
625	19.1061817942378
626	19.2266204295271
627	19.3833428613625
628	19.5599081491238
629	19.7412645737724
630	19.9144731472762
631	20.06911306051
632	20.1975111383553
633	20.2948107011382
634	20.3588655106965
635	20.3899824725044
636	20.3905602869023
637	20.3646622790432
638	20.3175479322453
639	20.2551864975463
640	20.183781217447
641	20.1093336449869
642	20.0372724630002
643	19.9721638939987
644	19.9175137957565
645	19.8756648292563
646	19.8477852713868
647	19.8339396687129
648	19.8332265211322
649	19.8439650434906
650	19.863911748104
651	19.8904878833235
652	19.9210004043284
653	19.9528418664909
654	19.9836580733118
655	20.0114760994215
656	20.0347890963128
657	20.0525977959369
658	20.0644116489705
659	20.0702149299447
660	20.0704048331736
661	20.0657095551134
662	20.0570946472257
663	20.0456656065839
664	20.0325738558695
665	20.0189320739612
666	20.0057434043079
667	19.9938475201368
668	19.983884982711
669	19.9762798943354
670	19.9712396037081
671	19.9687692261421
672	19.9686980294453
673	19.9707143187015
674	19.9744053194564
675	19.9792986807057
676	19.9849025547792
677	19.9907417098501
678	19.996387737033
679	20.0014820724531
680	20.0057512135282
681	20.0090141230091
682	20.0111823480268
683	20.0122538086989
684	20.0123015165995
685	20.011458662777
686	20.0099015724367
687	20.0078319710848
688	20.0054598629286
689	20.0029881085907
690	20.0005995295445
691	19.9984470848919
692	19.9966473843573
693	19.9952775388748
694	19.9943751222714
695	19.9939408352637
696	19.9939433326933
697	19.9943255986426
698	19.9950122298535
699	19.9959170104898
700	19.9969502229905
701	19.9980252311895
702	18.5591838004895
703	17.6266268633935
704	17.8844474780358
705	18.7150032279974
706	19.4943800817231
707	20.1111085700296
708	20.6684756999785
709	21.1653912734005
710	21.5048913959295
711	21.6312167474447
712	21.5722191423882
713	21.3888767303646
714	21.1295331059035
715	20.8266149247714
716	20.5094088943784
717	20.2069454270732
718	19.9420935114097
719	19.7278700546514
720	19.5691989882221
721	19.4662557742835
722	19.4162390164602
723	19.4138115904786
724	19.4515491137143
725	19.5207796431527
726	19.6124128302736
727	19.7174783362147
728	19.8274697810955
729	19.9346691173888
730	20.0324815533871
731	20.1157112190687
732	20.1807255831207
733	20.2255063706498
734	20.2496015747547
735	20.2539868546624
736	20.2408442017003
737	20.2132762566324
738	20.1749843814292
739	20.1299403347128
740	20.0820773986022
741	20.0350214027935
742	19.9918767198906
743	19.9550764877714
744	19.9263000517622
745	19.9064547758205
746	19.8957147593902
747	19.8936058517579
748	19.8991245459081
749	19.9108776882928
750	19.9272303270864
751	19.9464502705295
752	19.9668398051198
753	19.9868472785613
754	20.0051536624274
755	20.0207315939103
756	20.0328766074298
757	20.041212187421
758	20.0456718188032
759	20.0464623331991
760	20.044013532654
761	20.0389193331687
762	20.0318755465552
763	20.0236189690118
764	20.0148717403299
765	20.0062940585306
766	19.9984473623197
767	19.9917691054041
768	19.9865593111663
769	19.9829782700172
770	19.9810540669311
771	19.9806981295701
772	19.9817266788073
773	19.9838858398822
774	19.9868782181023
775	19.9903889326489
776	19.9941094037573
777	19.9977575669283
778	20.0010936068894
779	20.0039307297193
780	20.0061408938928
781	20.0076557755641
782	20.0084635322809
783	20.008602141464
784	20.0081502210605
785	20.0072162915796
786	20.0059274181989
787	20.0044180897712
788	20.0028200620673
789	20.0012537306131
790	19.9998214193548
791	19.998602789614
792	19.9976524021203
793	19.9969993137017
794	19.9966484670869
795	19.9965835419023
796	19.9967708791674
797	19.9971640696353
798	19.99770880521
799	19.9983476277198
800	19.9990242646889
801	19.9996873109518
802	12.4774126660524
803	6.73273077349951
804	5.32403665421383
805	4.93829528384792
806	3.28525239854856
807	1.06197334042402
808	-0.422235153189956
809	-0.947845933921004
810	-0.999684343945836
811	-0.89189572338641
812	-0.593889570176437
813	-0.0294084180863662
814	0.742134052133649
815	1.58936925261053
816	2.41509737704977
817	3.17359232758531
818	3.83514172983751
819	4.36719062957886
820	4.74315227853514
821	4.95369648995006
822	5.00635383306562
823	4.91890408261919
824	4.71483028981605
825	4.42187197551987
826	4.07076254425598
827	3.6927981228356
828	3.31712797942825
829	2.9688092518465
830	2.66773211396565
831	2.42805702427617
832	2.25798537730312
833	2.15991414145949
834	2.13100691142467
835	2.16408895014478
836	2.24872218027389
837	2.37234597677018
838	2.52140680954208
839	2.68241122801303
840	2.84283973668674
841	2.99187277310713
842	3.12090251158834
843	3.22382539582443
844	3.29712579720396
845	3.3397727132468
846	3.35296079604528
847	3.33973383572597
848	3.30453209757742
849	3.25270455974153
850	3.19002388899888
851	3.12223675540101
852	3.05467542215392
853	2.99194898655888
854	2.93772478994993
855	2.89460296593938
856	2.86408035564568
857	2.84659443391101
858	2.84163367721173
859	2.8478980656707
860	2.86349214514565
861	2.88613317626007
862	2.91335817769388
863	2.94271588665709
864	2.97193253538235
865	2.99904359578778
866	3.02248700360033
867	3.04115659482109
868	3.05441736956424
869	3.06208658914457
870	3.06438651367518
871	3.06187575441495
872	3.05536675192512
873	3.04583684445227
874	3.03433984120512
875	3.02192406639956
876	3.00956160962605
877	2.9980921274174
878	2.98818310594131
879	2.98030711925641
880	2.97473538751903
881	2.97154591958581
882	2.97064375641146
883	2.97179033457197
884	2.97463876122514
885	2.97877181282817
886	2.98373970560606
887	2.98909509164309
888	2.99442326036266
889	2.9993661193262
890	3.00363914116352
891	3.00704105076389
892	3.00945655192589
893	3.01085282789955
894	3.01127087784388
895	3.01081296305493
896	3.00962753374789
897	3.00789299778348
898	3.00580159171205
899	3.00354444087349
900	3.00129867048389
901	2.99921717576178
902	2.99742139735927
903	2.9959971975704
904	2.99499370864486
905	2.9944248388046
906	2.99427298183652
907	2.99449438586214
908	2.99502559568564
909	2.99579038731615
910	2.99670665656036
911	2.99769279786303
912	2.99867320567262
913	2.99958263908612
914	3.00036930234555
915	3.00099660084874
916	3.00144362801911
917	3.00170451763441
918	3.00178685580934
919	3.00170938529411
920	3.00149925226251
921	3.00118904389233
922	3.00081384648075
923	3.00040852205913
924	3.00000536039111
925	2.99963221688774
926	2.99931119921158
927	2.99905791961322
928	2.99888128919911
929	2.99878379650879
930	2.99876218736195
931	2.99880844654288
932	2.99891097444735
933	2.99905585264946
934	2.999228100301
935	2.99941283687109
936	2.9995962842945
937	2.99976656140151
938	2.99991424390295
939	3.00003268273041
940	3.00011809096727
941	3.00016942403826
942	3.00018808866642
943	3.00017752309169
944	3.00014269420865
945	3.000089556911
946	3.00002451752069
947	2.99995393736345
948	2.99988370504596
949	2.99981889752763
950	2.99976354136621
951	2.99972047717863
952	2.9996913229154
953	2.99967652538847
954	2.99967548486875
955	2.99968673459227
956	2.99970815567032
957	2.99973720806225
958	2.99977115973169
959	2.99980729859459
960	2.9998431150767
961	2.99987644671359
962	2.99990557994848
963	2.99992930784313
964	2.99994694559475
965	2.99995830837939
966	2.99996365801466
967	2.99996362620317
968	2.99995912268909
969	2.99995123658798
970	2.99994113852328
971	2.99992999013868
972	2.99991886618362
973	2.9999086928247
974	2.99990020424544
975	2.99989391807712
976	2.99989012884664
977	2.99988891750635
978	2.99989017426933
979	2.99989363143335
980	2.99989890263368
981	2.99990552499722
982	2.99991300093897
983	2.99992083679693
984	2.99992857608824
985	2.99993582582913
986	2.99994227504065
987	2.99994770521095
988	2.99995199306412
989	2.999955106464
990	2.99995709464021
991	2.99995807415381
992	2.99995821212348
993	2.99995770821853
994	2.99995677681041
995	2.9999556304791
996	2.9999544658206
997	2.99995345221935
998	2.99995272395948
999	2.99995237577165
1000	2.99995246166498
