1	0
2	0
3	0
4	0
5	0
6	0
7	0
8	0
9	0
10	0
11	0
12	0
13	0
14	0
15	0
16	0
17	0
18	0
19	0
20	0
21	0
22	0
23	0
24	0
25	0
26	0
27	0
28	0
29	0
30	0
31	0
32	0
33	0
34	0
35	0
36	0
37	0
38	0
39	0
40	0
41	0
42	0
43	0
44	0
45	0
46	0
47	0
48	0
49	0
50	0
51	0
52	0
53	0
54	0
55	0
56	0
57	0
58	0
59	0
60	0
61	0
62	0
63	0
64	0
65	0
66	0
67	0
68	0
69	0
70	0
71	0
72	0
73	0
74	0
75	0
76	0
77	0
78	0
79	0
80	0
81	0
82	0
83	0
84	0
85	0
86	0
87	0
88	0
89	0
90	0
91	0
92	0
93	0
94	0
95	0
96	0
97	0
98	0
99	0
100	0
101	0
102	0
103	0
104	0
105	0
106	0
107	0
108	0
109	0
110	0
111	0
112	0
113	0
114	0
115	0
116	0
117	0
118	0
119	0
120	0
121	0
122	0
123	0
124	0
125	0
126	0
127	0
128	0
129	0
130	0
131	0
132	0
133	0
134	0
135	0
136	0
137	0
138	0
139	0
140	0
141	0
142	0
143	0
144	0
145	0
146	0
147	0
148	0
149	0
150	0
151	0
152	0
153	0
154	0
155	0
156	0
157	0
158	0
159	0
160	0
161	0
162	0
163	0
164	0
165	0
166	0
167	0
168	0
169	0
170	0
171	0
172	0
173	0
174	0
175	0
176	0
177	0
178	0
179	0
180	0
181	0
182	0
183	0
184	0
185	0
186	0
187	0
188	0
189	0
190	0
191	0
192	0
193	0
194	0
195	0
196	0
197	0
198	0
199	0
200	7.2346239608352
201	8.9920142764217
202	8.30561430950655
203	6.93631676648465
204	5.67753074380989
205	4.75789380389073
206	4.15106543218105
207	3.75759476010347
208	3.48720001139958
209	3.28219163984056
210	3.1141373022715
211	2.97288360944488
212	2.85669034186832
213	2.7660132845657
214	2.70059739617767
215	2.65869273790618
216	2.63730108141313
217	2.63274183110563
218	2.64118123304658
219	2.65900303238882
220	2.68301812882385
221	2.71055383630966
222	2.73946710290542
223	2.76811529379331
224	2.79530574163014
225	2.82023601146807
226	2.84243129316884
227	2.86168252432067
228	2.87798756578056
229	2.89149713151765
230	2.90246674177904
231	2.91121554110588
232	2.91809237662031
233	2.92344910469101
234	2.9276207293262
235	2.93091170123348
236	2.93358753070521
237	2.93587078362224
238	2.93794052255516
239	2.93993430549874
240	2.94195194473697
241	2.94406034140264
242	2.94629883415164
243	2.94868462282564
244	2.95121794275039
245	2.95388676765779
246	2.95667090647491
247	2.95954543038885
248	2.96248342192205
249	2.96545807836274
250	2.96844422948097
251	2.97141934601757
252	2.97436412305177
253	2.97726272307276
254	2.98010275927249
255	2.98287509188951
256	2.98557350074687
257	2.9881942865548
258	2.99073584294195
259	2.9931982311524
260	2.99558278030964
261	2.99789172833938
262	3.00012791216192
263	3.00229451060743
264	3.00439483959624
265	3.00643219633312
266	3.00840974743479
267	3.01033045487702
268	3.01219703324708
269	3.01401193186388
270	3.01577733574465
271	3.01749518003436
272	3.01916717327478
273	3.0207948256964
274	3.02237947951116
275	3.02392233892454
276	3.02542449824651
277	3.02688696704699
278	3.02831069176745
279	3.02969657356864
280	3.0310454824709
281	3.03235826803941
282	3.0336357669929
283	3.03487880818338
284	3.0360882154192
285	3.03726480859399
286	3.03840940355131
287	3.03952281106679
288	3.0406058352729
289	3.04165927179281
290	3.04268390579196
291	3.04368051010256
292	3.04464984352917
293	3.0455926494029
294	3.04650965441946
295	3.04740156776985
296	3.04826908055399
297	3.04911286545391
298	3.04993357663493
299	3.05073184983918
300	3.05150830263432
301	3.0522635347821
302	3.05299812869373
303	3.05371264994329
304	3.05440764781478
305	3.05508365586275
306	3.05574119247101
307	3.05638076139794
308	3.05700285230032
309	3.0576079412308
310	3.05819649110638
311	3.05876895214727
312	3.05932576228695
313	3.0598673475551
314	3.06039412243573
315	3.06090649020334
316	3.06140484323967
317	3.06188956333381
318	3.06236102196816
319	3.06281958059233
320	3.06326559088697
321	3.06369939501885
322	3.06412132588868
323	3.06453170737246
324	3.06493085455718
325	3.0653190739712
326	3.06569666380981
327	3.06606391415592
328	3.06642110719623
329	3.06676851743269
330	3.06710641188935
331	3.06743505031457
332	3.06775468537835
333	3.068065562865
334	3.06836792186095
335	3.06866199493773
336	3.06894800833012
337	3.06922618210961
338	3.06949673035308
339	3.06975986130682
340	3.07001577754607
341	3.07026467613004
342	3.0705067487526
343	3.07074218188877
344	3.0709711569371
345	3.07119385035797
346	3.07141043380817
347	3.07162107427158
348	3.07182593418636
349	3.07202517156851
350	3.07221894013207
351	3.07240738940602
352	3.07259066484796
353	3.0727689079547
354	3.07294225636985
355	3.0731108439884
356	3.07327480105857
357	3.07343425428078
358	3.073589326904
359	3.07374013881949
360	3.07388680665198
361	3.07402944384837
362	3.07416816076407
363	3.07430306474695
364	3.07443426021903
365	3.07456184875595
366	3.0746859291643
367	3.07480659755686
368	3.07492394742574
369	3.07503806971362
370	3.07514905288297
371	3.07525698298349
372	3.07536194371765
373	3.07546401650449
374	3.07556328054165
375	3.07565981286578
376	3.0757536884112
377	3.0758449800671
378	3.07593375873311
379	3.07602009337343
380	3.07610405106945
381	3.07618569707099
382	3.07626509484611
383	3.07634230612959
384	3.0764173909701
385	3.07649040777603
386	3.07656141336018
387	3.07663046298311
388	3.07669761039547
389	3.07676290787905
390	3.07682640628679
391	3.07688815508176
392	3.07694820237494
393	3.07700659496208
394	3.07706337835954
395	3.07711859683913
396	3.07717229346206
397	3.07722451011193
398	3.07727528752683
399	3.07732466533062
400	-1.26340169443781
401	-2.31778919064236
402	-1.90590380447099
403	-1.08428112429784
404	-0.328966573502644
405	0.222857344018321
406	0.586994969623612
407	0.82311685619762
408	0.985392100364854
409	1.10843445988729
410	1.20930336986082
411	1.2940908922376
412	1.3638411863392
413	1.41828080802117
414	1.4575628082333
415	1.48273717567299
416	1.49560287206553
417	1.49836827881185
418	1.49333367166054
419	1.48266882626537
420	1.46828722493339
421	1.45179250080518
422	1.43447050597058
423	1.41730684167163
424	1.40101712810738
425	1.38608284549675
426	1.37278889864517
427	1.36126074320913
428	1.35149968038542
429	1.34341529901941
430	1.33685430371973
431	1.33162522406254
432	1.32751876763318
433	1.32432383604036
434	1.32183944189373
435	1.31988292938095
436	1.31829500654902
437	1.31694214771406
438	1.31571692881179
439	1.31453682816718
440	1.31334197118456
441	1.31209222961937
442	1.31076401237949
443	1.30934701133121
444	1.30784109672169
445	1.30625349542437
446	1.30459633286155
447	1.30288457675863
448	1.30113438768958
449	1.29936185700719
450	1.29758209620052
451	1.29580863178842
452	1.29405305528708
453	1.29232487735873
454	1.29063153783333
455	1.2889785279089
456	1.28736958664792
457	1.28580694023147
458	1.2842915587971
459	1.28282341170221
460	1.28140170747632
461	1.28002510941004
462	1.27869192161652
463	1.27740024349291
464	1.27614809285415
465	1.27493349968317
466	1.27375457353519
467	1.27260954824794
468	1.27149680784374
469	1.27041489745609
470	1.26936252285595
471	1.26833854176244
472	1.26734194965908
473	1.26637186234594
474	1.26542749697771
475	1.26450815289216
476	1.26361319314145
477	1.26274202731042
478	1.2618940959476
479	1.26106885674637
480	1.26026577249477
481	1.25948430075732
482	1.25872388525145
483	1.25798394892248
484	1.25726388878395
485	1.25656307265115
486	1.2558808379319
487	1.25521649264479
488	1.25456931885018
489	1.2539385788294
490	1.25332352487804
491	1.25272341484307
492	1.25213753784607
493	1.25156525786583
494	1.25100608562784
495	1.25045978772162
496	1.24992652838421
497	1.24940700206958
498	1.24890244036998
499	1.24841425965098
500	1.24794297925175
501	1.24748597127586
502	1.24704418048736
503	1.24662039757931
504	1.24621550808827
505	1.24582811577002
506	1.24545553424757
507	1.24509486828074
508	1.24474368888595
509	1.24440027860947
510	1.24406359971202
511	1.24373314356151
512	1.24340876339158
513	1.24309053582686
514	1.24277866048559
515	1.24247339119468
516	1.24217498924303
517	1.24188369133657
518	1.24159968801601
519	1.24132311041606
520	1.24105402415374
521	1.24079242925314
522	1.24053826483551
523	1.24029141715027
524	1.24005172952802
525	1.23981901300153
526	1.23959305660723
527	1.23937363667976
528	1.23916052473374
529	1.23895349376061
530	1.2387523229434
531	1.23855680091096
532	1.23836672772355
533	1.23818191581439
534	1.23800219011768
535	1.23782738760055
536	1.23765735639255
537	1.2374919546762
538	1.23733104947037
539	1.2371745154069
540	1.23702223357292
541	1.23687409046616
542	1.23672997709049
543	1.23658978820213
544	1.23645342170545
545	1.23632077818809
546	1.23619176057992
547	1.23606627391736
548	1.23594422519352
549	1.23582552327519
550	1.23571007886899
551	1.23559780452139
552	1.23548861463936
553	1.23538242552144
554	1.2352791553909
555	1.23517872442521
556	1.23508105477801
557	1.23498607059116
558	1.23489369799586
559	1.23480386510303
560	1.23471650198337
561	1.23463154063865
562	1.2345489149653
563	1.23446856071219
564	1.23439041543392
565	1.23431441844125
566	1.23424051074974
567	1.23416863502792
568	1.23409873554566
569	1.23403075812364
570	1.23396465008421
571	1.23390036020416
572	1.2338378386694
573	1.23377703703182
574	1.23371790816824
575	1.23366040624127
576	1.23360448666219
577	1.23355010605544
578	1.23349722222479
579	1.23344579412083
580	1.23339578180982
581	1.23334714644358
582	1.23329985023047
583	1.23325385640719
584	1.23320912921144
585	1.23316563385532
586	1.23312333649941
587	1.23308220422747
588	1.23304220502179
589	1.2330033077391
590	1.23296548208707
591	1.23292869860134
592	1.23289292862314
593	1.23285814427742
594	1.23282431845164
595	1.2327914247749
596	1.23275943759781
597	1.23272833197272
598	1.23269808363459
599	1.23266866898227
600	-1.73355575888206
601	-2.45411360379135
602	-2.17271666618834
603	-1.61133097681726
604	-1.09525428576857
605	-0.718228013612081
606	-0.469452568819451
607	-0.308153114177776
608	-0.197314139807681
609	-0.113282949638805
610	-0.0444023003717227
611	0.0134906806669764
612	0.0611094670141217
613	0.0982671708052839
614	0.125068343431295
615	0.142230444659053
616	0.150982733381491
617	0.152834239469355
618	0.149356788106891
619	0.142033030233205
620	0.132170483797896
621	0.12086493726258
622	0.108995029458829
623	0.0972342285396371
624	0.0860715163259175
625	0.0758358796798025
626	0.066721979605875
627	0.0588155208464072
628	0.0521173699003422
629	0.046565723778994
630	0.0420558091996297
631	0.0384567671905321
632	0.0356255609851824
633	0.0334179202812614
634	0.0316964844915978
635	0.0303364201218949
636	0.0292288594802112
637	0.0282825423083127
638	0.0274240449234424
639	0.0265969607310456
640	0.02576035908473
641	0.0248868031122876
642	0.0239601567558271
643	0.0229733610678613
644	0.0219263127482839
645	0.0208239359470813
646	0.0196745025833356
647	0.0184882272527409
648	0.017276140112377
649	0.0160492244811826
650	0.0148177945841094
651	0.0135910820796097
652	0.0123769968859998
653	0.0111820275272668
654	0.0100112479845272
655	0.00886840119117703
656	0.00775603328087297
657	0.00667565703199216
658	0.00562792730092758
659	0.00461281534734014
660	0.00362977265960362
661	0.00267787809083441
662	0.00175596477399068
663	0.000862725400176472
664	-3.20395040058301e-06
665	-0.000843180088121566
666	-0.0016585070146832
667	-0.00245040572850891
668	-0.00321999685033062
669	-0.00396829341164415
670	-0.00469620131479773
671	-0.00540452523008588
672	-0.00609397800256769
673	-0.00676519196819537
674	-0.00741873090201339
675	-0.00805510162452034
676	-0.00867476456586857
677	-0.00927814282654008
678	-0.00986562947687825
679	-0.0104375930084779
680	-0.010994380992154
681	-0.0115363221146234
682	-0.0120637268630379
683	-0.0125768872044069
684	-0.0130760756634963
685	-0.0135615442322112
686	-0.0140335235398859
687	-0.0144922226803952
688	-0.0149378300578511
689	-0.0153705156572011
690	-0.0157904354198663
691	-0.0161977391218907
692	-0.0165925845031313
693	-0.0169751623035895
694	-0.0173457385023637
695	-0.0177047191186805
696	-0.0180527348304824
697	-0.0183907202643831
698	-0.0187199180724309
699	-0.0190416675850903
700	-0.0193567559229469
701	-0.0196640681549468
702	-0.0199646195866683
703	-0.0202605201168158
704	-0.0205527240070475
705	-0.0208408043391449
706	-0.0211235484339851
707	-0.0213996070331989
708	-0.0216678997743557
709	-0.0219277627379861
710	-0.0221789297190397
711	-0.0224214422004822
712	-0.0226555493241362
713	-0.0228816251006831
714	-0.0231001084470139
715	-0.0233114621740857
716	-0.0235161451828027
717	-0.0237145934681437
718	-0.0239072073899692
719	-0.024094343939484
720	-0.0242763132753029
721	-0.0244533788747845
722	-0.024625760538855
723	-0.0247936393964842
724	-0.024957164057936
725	-0.0251164571647901
726	-0.0252716217444739
727	-0.0254227469569705
728	-0.0255699129902836
729	-0.0257131950013753
730	-0.0258526661043171
731	-0.0259883994784916
732	-0.0261204697119179
733	-0.0262489535145244
734	-0.0263739299395489
735	-0.0264954802436218
736	-0.0266136875016565
737	-0.0267286360747078
738	-0.0268404110098576
739	-0.0269490974325483
740	-0.0270547799747533
741	-0.0271575422675706
742	-0.0272574665145361
743	-0.0273546331521904
744	-0.0274491205971344
745	-0.0275410050736466
746	-0.0276303605126318
747	-0.0277172585108907
748	-0.0278017683390945
749	-0.0278839569871277
750	-0.0279638892363493
751	-0.0280416277495773
752	-0.0281172331710698
753	-0.0281907642302678
754	-0.0282622778445262
755	-0.0283318292173841
756	-0.0283994719300949
757	-0.0284652580251009
758	-0.02852923808091
759	-0.0285914612784464
760	-0.0286519754593465
761	-0.0287108271769735
762	-0.0287680617410745
763	-0.0288237232570702
764	-0.028877854660945
765	-0.0289304977506611
766	-0.0289816932149073
767	-0.0290314806598896
768	-0.0290798986347305
769	-0.0291269846559349
770	-0.0291727752312671
771	-0.0292173058832813
772	-0.029260611172661
773	-0.0293027247214419
774	-0.0293436792361613
775	-0.029383506530914
776	-0.0294222375502834
777	-0.0294599023920961
778	-0.0294965303299371
779	-0.0295321498353557
780	-0.0295667885997044
781	-0.0296004735555537
782	-0.0296332308976273
783	-0.0296650861032293
784	-0.0296960639521418
785	-0.0297261885459698
786	-0.0297554833269296
787	-0.0297839710960834
788	-0.0298116740310339
789	-0.0298386137030912
790	-0.0298648110939254
791	-0.02989028661172
792	-0.0299150601068293
793	-0.0299391508869558
794	-0.0299625777318717
795	-0.0299853589077299
796	-0.0300075121810363
797	-0.0300290548323753
798	-0.0300500036699624
799	-0.03007037504297
800	-0.0300901848543396
