1	0
2	0
3	0
4	0
5	0
6	0
7	0
8	0
9	0
10	0
11	0
12	0
13	0
14	0
15	0
16	0
17	0
18	0
19	0
20	0
21	0
22	0
23	0
24	0
25	0
26	0
27	0
28	0
29	0
30	0
31	0
32	0
33	0
34	0
35	0
36	0
37	0
38	0
39	0
40	0
41	0
42	0
43	0
44	0
45	0
46	0
47	0
48	0
49	0
50	0
51	0
52	0
53	0
54	0
55	0
56	0
57	0
58	0
59	0
60	0
61	0
62	0
63	0
64	0
65	0
66	0
67	0
68	0
69	0
70	0
71	0
72	0
73	0
74	0
75	0
76	0
77	0
78	0
79	0
80	0
81	0
82	0
83	0
84	0
85	0
86	0
87	0
88	0
89	0
90	0
91	0
92	0
93	0
94	0
95	0
96	0
97	0
98	0
99	0
100	0
101	0
102	0
103	0
104	0
105	0
106	0
107	0
108	0
109	0
110	0
111	0
112	0
113	0
114	0
115	0
116	0
117	0
118	0
119	0
120	0
121	0
122	0
123	0
124	0
125	0
126	0
127	0
128	0
129	0
130	0
131	0
132	0
133	0
134	0
135	0
136	0
137	0
138	0
139	0
140	0
141	0
142	0
143	0
144	0
145	0
146	0
147	0
148	0
149	0
150	0
151	0
152	0
153	0
154	0
155	0
156	0
157	0
158	0
159	0
160	0
161	0
162	0
163	0
164	0
165	0
166	0
167	0
168	0
169	0
170	0
171	0
172	0
173	0
174	0
175	0
176	0
177	0
178	0
179	0
180	0
181	0
182	0
183	0
184	0
185	0
186	0
187	0
188	0
189	0
190	0
191	0
192	0
193	0
194	0
195	0
196	0
197	0
198	0
199	0
200	4.44018987596495
201	5.92245463836091
202	6.00655800245513
203	5.58680980404573
204	5.0797893020171
205	4.63129554553687
206	4.2650783572245
207	3.96609063724007
208	3.71660294095555
209	3.50616872182536
210	3.33060518289578
211	3.18837477595172
212	3.0778239631436
213	2.99600442990599
214	2.9386806479804
215	2.90090469693172
216	2.87768773047609
217	2.86452076386382
218	2.85767112991394
219	2.85427857955908
220	2.8523119841326
221	2.85044882632937
222	2.84792550232581
223	2.84438931366438
224	2.83976866522734
225	2.83416800809904
226	2.82778805775425
227	2.82086870508448
228	2.81365076727355
229	2.80635250466977
230	2.79915714282264
231	2.79220818211279
232	2.78560988484724
233	2.77943091563552
234	2.7737096338037
235	2.76845997900332
236	2.76367724893745
237	2.75934334509649
238	2.75543126711881
239	2.75190877989326
240	2.74874127164881
241	2.74589387746765
242	2.74333297113709
243	2.74102713760039
244	2.73894773529009
245	2.73706914745747
246	2.7353688079152
247	2.73382707185487
248	2.73242698813505
249	2.73115401653261
250	2.72999572231735
251	2.72894147125118
252	2.72798214064635
253	2.72710985626434
254	2.7263177603754
255	2.72559981300047
256	2.72495062600675
257	2.72436532813451
258	2.72383945803004
259	2.72336888181003
260	2.72294973147179
261	2.72257836049874
262	2.72225131321619
263	2.72196530477001
264	2.7217172089819
265	2.72150405174544
266	2.72132300803742
267	2.72117140101132
268	2.72104670199879
269	2.72094653056334
270	2.72086865402303
271	2.72081098608458
272	2.72077158441213
273	2.72074864709201
274	2.72074050805523
275	2.72074563158775
276	2.72076260609862
277	2.72079013733526
278	2.72082704123655
279	2.72087223660432
280	2.7209247377548
281	2.72098364728791
282	2.72104814908648
283	2.72111750163119
284	2.72119103169251
285	2.72126812843842
286	2.72134823797758
287	2.72143085834168
288	2.72151553489787
289	2.72160185617301
290	2.7216894500647
291	2.7217779804099
292	2.72186714388017
293	2.72195666717166
294	2.72204630445945
295	2.72213583508694
296	2.72222506146389
297	2.72231380714886
298	2.7224019150951
299	2.72248924604107
300	2.72257567703
301	2.72266110004471
302	2.72274542074627
303	2.72282855730692
304	2.72291043932901
305	2.72299100684307
306	2.72307020937919
307	2.72314800510654
308	2.72322436003646
309	2.7232992472854
310	2.72337264639363
311	2.72344454269667
312	2.723514926746
313	2.72358379377612
314	2.72365114321498
315	2.72371697823496
316	2.72378130534168
317	2.72384413399803
318	2.7239054762809
319	2.72396534656816
320	2.72402376125369
321	2.72408073848818
322	2.72413629794367
323	2.72419046060001
324	2.72424324855126
325	2.72429468483049
326	2.72434479325137
327	2.7243935982651
328	2.72444112483137
329	2.72448739830215
330	2.72453244431715
331	2.72457628870992
332	2.72461895742375
333	2.72466047643637
334	2.72470087169281
335	2.72474016904556
336	2.72477839420156
337	2.72481557267521
338	2.72485172974709
339	2.72488689042762
340	2.72492107942547
341	2.72495432112012
342	2.72498663953821
343	2.72501805833346
344	2.72504860076958
345	2.72507828970618
346	2.72510714758715
347	2.72513519643144
348	2.72516245782584
349	2.72518895291978
350	2.72521470242172
351	2.72523972659708
352	2.72526404526754
353	2.72528767781155
354	2.72531064316587
355	2.72533295982818
356	2.72535464586035
357	2.72537571889264
358	2.7253961961284
359	2.7254160943494
360	2.72543542992166
361	2.72545421880168
362	2.72547247654295
363	2.72549021830292
364	2.72550745885006
365	2.72552421257123
366	2.72554049347915
367	2.72555631522006
368	2.7255716910814
369	2.72558663399961
370	2.7256011565679
371	2.72561527104414
372	2.72562898935858
373	2.72564232312173
374	2.72565528363205
375	2.72566788188368
376	2.72568012857403
377	2.72569203411131
378	2.72570360862199
379	2.72571486195815
380	2.72572580370467
381	2.72573644318641
382	2.72574678947516
383	2.72575685139655
384	2.72576663753678
385	2.72577615624923
386	2.72578541566101
387	2.72579442367926
388	2.72580318799744
389	2.72581171610138
390	2.72582001527526
391	2.72582809260744
392	2.72583595499611
393	2.7258436091549
394	2.72585106161823
395	2.72585831874666
396	2.72586538673199
397	2.72587227160231
398	2.72587897922688
399	2.72588551532087
400	0.337729739057884
401	-0.939122156994311
402	-1.47942821821208
403	-1.56242041067794
404	-1.38308823284433
405	-1.07202405480368
406	-0.713708230626053
407	-0.360438061490725
408	-0.042206637656582
409	0.226344566377391
410	0.440903854730216
411	0.603757511735327
412	0.720996770671518
413	0.80047453406887
414	0.850387677497355
415	0.878375373903741
416	0.891023379629715
417	0.893666555106128
418	0.890392190908432
419	0.88416340555965
420	0.877001269970656
421	0.870183037743356
422	0.8644298086549
423	0.860069258555619
424	0.857167757563524
425	0.855631786555542
426	0.855281749142278
427	0.8559027535832
428	0.857277294429155
429	0.859204451667427
430	0.861509571988042
431	0.864047620769476
432	0.866702629355619
433	0.869384984451868
434	0.872027747765755
435	0.874582760420593
436	0.877016968547057
437	0.879309186268048
438	0.881447369820009
439	0.88342639217137
440	0.885246263982605
441	0.88691073007844
442	0.888426170067117
443	0.889800739677729
444	0.891043700676458
445	0.89216489874167
446	0.893174358760215
447	0.89408197498078
448	0.894897279272179
449	0.895629274671441
450	0.896286323897746
451	0.896876083999746
452	0.897405479187337
453	0.897880704478624
454	0.898307253279638
455	0.898689962533935
456	0.899033069689472
457	0.899340276439486
458	0.899614814980079
459	0.899859513351086
460	0.900076857245379
461	0.900269046445058
462	0.900438044739109
463	0.900585622774224
464	0.900713393776978
465	0.900822842459345
466	0.9009153476857
467	0.900992199648891
468	0.90105461238983
469	0.901103732515256
470	0.901140644937941
471	0.901166376397635
472	0.901181897432891
473	0.901188123374688
474	0.90118591483113
475	0.901176078034723
476	0.901159365333902
477	0.901136476030553
478	0.901108057695668
479	0.901074708034818
480	0.90103697732196
481	0.900995371371071
482	0.900950354966842
483	0.900902355624373
484	0.900851767489856
485	0.900798955128303
486	0.900744256874237
487	0.900687987362795
488	0.900630438847998
489	0.900571881019542
490	0.900512559350795
491	0.900452692667088
492	0.900392471684179
493	0.900332061607922
494	0.900271612944067
495	0.900211284119515
496	0.900151275044357
497	0.900091859252192
498	0.900033381246413
499	0.899976156760229
500	0.899920189083559
501	0.899864626840148
502	0.899807001571309
503	0.899749014640036
504	0.899692524235773
505	0.899638371864141
506	0.899586518246174
507	0.899536510004475
508	0.899487847861515
509	0.899440163699539
510	0.899393254852873
511	0.899347049456248
512	0.899301555753553
513	0.899256820604692
514	0.899212903283125
515	0.899169861723727
516	0.899127746309812
517	0.899086597342127
518	0.89904644405757
519	0.899007304365566
520	0.898969185127832
521	0.898932082991356
522	0.89889598573771
523	0.898860874012807
524	0.898826723238204
525	0.898793505499263
526	0.898761191243523
527	0.898729750681367
528	0.898699154840946
529	0.8986693762786
530	0.898640389480068
531	0.898612171007096
532	0.898584699451157
533	0.898557955254657
534	0.898531920453179
535	0.898506578382832
536	0.898481913386367
537	0.89845791054173
538	0.898434555427876
539	0.898411833935318
540	0.898389732123223
541	0.898368236120736
542	0.898347332067555
543	0.898327006087279
544	0.898307244286475
545	0.89828803277259
546	0.898269357684377
547	0.898251205229454
548	0.898233561724576
549	0.898216413635271
550	0.898199747612428
551	0.898183550524313
552	0.898167809483139
553	0.898152511865947
554	0.898137645329909
555	0.898123197822524
556	0.898109157587281
557	0.898095513165527
558	0.898082253395248
559	0.898069367407464
560	0.898056844620882
561	0.898044674735355
562	0.898032847724603
563	0.898021353828575
564	0.898010183545723
565	0.897999327625401
566	0.897988777060516
567	0.897978523080527
568	0.897968557144808
569	0.897958870936397
570	0.897949456356094
571	0.897940305516895
572	0.897931410738709
573	0.897922764543308
574	0.897914359649484
575	0.897906188968359
576	0.897898245598819
577	0.897890522823038
578	0.897883014102087
579	0.897875713071581
580	0.897868613537383
581	0.897861709471337
582	0.897854995007046
583	0.897848464435685
584	0.897842112201856
585	0.897835932899484
586	0.897829921267764
587	0.89782407218717
588	0.897818380675516
589	0.897812841884094
590	0.897807451093872
591	0.897802203711776
592	0.897797095267049
593	0.897792121407685
594	0.89778727789695
595	0.89778256060999
596	0.897777965530521
597	0.897773488747607
598	0.897769126452521
599	0.897764874935685
600	0.36424140783174
601	-0.0209233407492149
602	-0.23638633850401
603	-0.302800353122515
604	-0.262139481095011
605	-0.159285779744506
606	-0.031285619972528
607	0.0964129184984739
608	0.209332288674494
609	0.301384030617447
610	0.371944685360785
611	0.423392786941655
612	0.459356894133732
613	0.483629628346861
614	0.49959024757032
615	0.509967078762029
616	0.516802501816965
617	0.521523804197955
618	0.525058364860708
619	0.52795724265231
620	0.530508149204165
621	0.532829240085301
622	0.534941320478996
623	0.536819518041233
624	0.538427252237758
625	0.539736057694669
626	0.540734892259328
627	0.541432238526339
628	0.541853773418506
629	0.542037765517853
630	0.54202975550367
631	0.541877538815088
632	0.541627031354101
633	0.541319267402487
634	0.540988548199522
635	0.540661615575933
636	0.540357649688973
637	0.540088864934006
638	0.539861486965938
639	0.539676922739557
640	0.539532974040556
641	0.539424985631464
642	0.539346857005846
643	0.539291879060165
644	0.539253382559142
645	0.539225203983353
646	0.53920198679481
647	0.539179343302295
648	0.539153905265614
649	0.539123291249696
650	0.539086016522146
651	0.539041367820617
652	0.538989261262632
653	0.538930097522756
654	0.538864624498865
655	0.538793814240667
656	0.538718758027159
657	0.538640581186676
658	0.538560377531538
659	0.538479162072891
660	0.538397839915445
661	0.5383171888243
662	0.538237852826135
663	0.538160344279909
664	0.538085052062959
665	0.538012253812512
666	0.537942130497256
667	0.537874781935768
668	0.537810242205079
669	0.537748494177936
670	0.537689482682411
671	0.53763312598862
672	0.537579325494364
673	0.537527973607074
674	0.537478959908132
675	0.537432175742786
676	0.537387517410649
677	0.537344888144021
678	0.537304199060069
679	0.537265369263447
680	0.537228325263284
681	0.537192999856902
682	0.537159330626101
683	0.537127258193696
684	0.537096724400881
685	0.537067670591206
686	0.537040036221945
687	0.537013758059212
688	0.536988770226434
689	0.53696500532455
690	0.536942396659853
691	0.536920881219541
692	0.536900402363895
693	0.536880910302153
694	0.536862357591915
695	0.536844686927441
696	0.536827810800543
697	0.536811589274891
698	0.536795825033683
699	0.536780313802334
700	0.257862298694289
701	0.231753937784279
702	0.304006214444693
703	0.38994945862072
704	0.454886390332694
705	0.49210875833884
706	0.50690699574466
707	0.507479044437793
708	0.500918848464723
709	0.492116387830321
710	0.483957931845878
711	0.47790008651135
712	0.47450415425336
713	0.473812470405958
714	0.475579215789245
715	0.479404403223185
716	0.484814273231493
717	0.491314806730119
718	0.498430900568406
719	0.505735421178678
720	0.512868932027327
721	0.519550337241652
722	0.525579274134239
723	0.530831797673745
724	0.535251302119249
725	0.53883665434697
726	0.541629267309912
727	0.543700454127244
728	0.545139983652218
729	0.546046376935047
730	0.5465191746065
731	0.546653176577485
732	0.54653450186862
733	0.546238225540168
734	0.545827307496598
735	0.545352521068199
736	0.544853106275895
737	0.544357904306232
738	0.543886768822523
739	0.543452091064426
740	0.543060315591024
741	0.542713359659201
742	0.542409880287229
743	0.542146358499767
744	0.54191799011032
745	0.541719387069973
746	0.541545103520478
747	0.541390006967431
748	0.541249518191001
749	0.541119744358504
750	0.54099752894439
751	0.540880440057563
752	0.540766716083199
753	0.540655184529737
754	0.540545166905158
755	0.540436379525194
756	0.540328837507875
757	0.540222766908434
758	0.540118528027834
759	0.540016551387924
760	0.5399172866847
761	0.53982116417263
762	0.539728567353399
763	0.53963981549468
764	0.539555154341863
765	0.53947475336427
766	0.53939870795812
767	0.539327045177497
768	0.53925973175397
769	0.539196683372955
770	0.539137774383511
771	0.539082847315761
772	0.539031721758481
773	0.53898420230381
774	0.538940085394467
775	0.538899165011367
776	0.538861237217418
777	0.538826103629205
778	0.538793573924984
779	0.53876346751831
780	0.53873561453489
781	0.5387098562288
782	0.538686044965966
783	0.538664043889957
784	0.538643726369684
785	0.538624975312154
786	0.538607682407083
787	0.538591747354853
788	0.5385770771155
789	0.538563585204505
790	0.538551191051234
791	0.538539819427953
792	0.538529399951216
793	0.538519866653028
794	0.538511157616175
795	0.538503214666301
796	0.538495983112454
797	0.538489411527719
798	0.538483451561931
799	0.538478057779295
800	0.131403090527888
801	0.615171093072945
802	1.23033945974617
803	1.63483524632225
804	1.76184770340251
805	1.67509710421805
806	1.47152274869412
807	1.23289788840469
808	1.0110045828427
809	0.830170825184752
810	0.695844201299077
811	0.603152654481178
812	0.54315863187381
813	0.506569767601469
814	0.485497064680956
815	0.473993125477881
816	0.467956932725004
817	0.464783831265539
818	0.462966978155467
819	0.461743224466029
820	0.460813471062839
821	0.460137916727101
822	0.459795424594008
823	0.459893689561706
824	0.460517691123232
825	0.461705677048036
826	0.463443790782519
827	0.465672217227812
828	0.468297352255271
829	0.471205989064733
830	0.47427882701736
831	0.477401708049627
832	0.480473848131177
833	0.483412955382806
834	0.486157533213279
835	0.488666891913712
836	0.49091947794538
837	0.492910118666605
838	0.494646708431894
839	0.496146759488853
840	0.497434129675856
841	0.498536133156827
842	0.499481148901558
843	0.500296768329901
844	0.501008469241494
845	0.501638766510305
846	0.502206768512752
847	0.502728058848664
848	0.503214822533387
849	0.503676141666406
850	0.50411839521092
851	0.504545709022468
852	0.504960414193385
853	0.50536348311952
854	0.505754922803116
855	0.506134113435837
856	0.506500087139783
857	0.506851746923314
858	0.507188029579455
859	0.507508018623995
860	0.507811014670615
861	0.508096571104791
862	0.508364502764457
863	0.508614874755584
864	0.508847977686319
865	0.509064294623924
866	0.509264464063731
867	0.509449242220495
868	0.509619467058218
869	0.509776025693457
870	0.509919826152809
871	0.510051773939535
872	0.510172753460894
873	0.510283614074998
874	0.510385160319156
875	0.510478145764717
876	0.5105632698904
877	0.510641177362055
878	0.51071245913832
879	0.510777654877313
880	0.510837256189871
881	0.510891710362576
882	0.510941424253327
883	0.510986768139837
884	0.511028079374605
885	0.511065665767283
886	0.511099808675468
887	0.511130765835719
888	0.51115877400279
889	0.511184051477104
890	0.511206800572394
891	0.511227209986491
892	0.511245456871588
893	0.511261708163285
894	0.511276120491373
895	0.51128883794942
896	0.511299987506888
897	0.511309673440166
898	0.511317975378081
899	0.511324959461157
900	0.511330717274938
901	0.511335448143301
902	0.511339587476215
903	0.511343169444372
904	0.51134607268409
905	0.511348183378489
906	0.511349466931936
907	0.511349973252357
908	0.511349808751077
909	0.511349101170876
910	0.511347971788095
911	0.511346519692936
912	0.511344816904649
913	0.511342910696727
914	0.511340829422047
915	0.511338589088499
916	0.51133619909444
917	0.511333666470749
918	0.5113309985753
919	0.511328204487933
920	0.51132529545381
921	0.511322284710392
922	0.511319186972124
923	0.511316017774573
924	0.511312792814054
925	0.5113095273656
926	0.511306235822222
927	0.511302931369852
928	0.5112996257932
929	0.511296329396062
930	0.511293051013526
931	0.511289798091774
932	0.511286576812297
933	0.511283392240367
934	0.511280248481504
935	0.511277148833915
936	0.511274095928772
937	0.511271091853623
938	0.511268138256953
939	0.511265236433905
940	0.511262387394523
941	0.511259591916689
942	0.511256850586256
943	0.511254163826931
944	0.511251531922286
945	0.511248955031953
946	0.511246433203724
947	0.511243966382902
948	0.511241554419912
949	0.511239197076885
950	0.511236894033718
951	0.511234644893883
952	0.511232449190165
953	0.511230306390394
954	0.511228215903191
955	0.511226177083728
956	0.511224189239469
957	0.511222251635909
958	0.511220363502291
959	0.51121852403736
960	0.511216732415192
961	0.511214987791162
962	0.511213289308146
963	0.511211636103025
964	0.511210027313577
965	0.511208462085809
966	0.511206939581732
967	0.511205458987562
968	0.511204019522166
969	0.511202620445556
970	0.511201261067036
971	0.511199940752498
972	0.51119865893021
973	0.511197415094254
974	0.511196208804678
975	0.511195039683328
976	0.511193907404295
977	0.51119281167803
978	0.511191752228427
979	0.511190728762579
980	0.511189740933595
981	0.511188788297831
982	0.51118787026914
983	0.511186986074506
984	0.511186134717513
985	0.511185314958604
986	0.511184525323499
987	0.511183764152532
988	0.511183029701893
989	0.511182320299545
990	0.511181634538953
991	0.511180971458353
992	0.511180330601453
993	0.511179711799087
994	0.51117911448662
995	0.51117853645341
996	0.511177972226803
997	0.511177411961159
998	0.511176842798143
999	0.511176255980255
1000	0.511175663712027
