1	0
2	0
3	0
4	0
5	0
6	0
7	0
8	0
9	0
10	0
11	0
12	0
13	0
14	0
15	0
16	0
17	0
18	0
19	0
20	0
21	0
22	0
23	0
24	0
25	0
26	0
27	0
28	0
29	0
30	0
31	0
32	0
33	0
34	0
35	0
36	0
37	0
38	0
39	0
40	0
41	0
42	0
43	0
44	0
45	0
46	0
47	0
48	0
49	0
50	0
51	0
52	0
53	0
54	0
55	0
56	0
57	0
58	0
59	0
60	0
61	0
62	0
63	0
64	0
65	0
66	0
67	0
68	0
69	0
70	0
71	0
72	0
73	0
74	0
75	0
76	0
77	0
78	0
79	0
80	0
81	0
82	0
83	0
84	0
85	0
86	0
87	0
88	0
89	0
90	0
91	0
92	0
93	0
94	0
95	0
96	0
97	0
98	0
99	0
100	0
101	0
102	0
103	0
104	0
105	0
106	0
107	0
108	0
109	0
110	0
111	0
112	0
113	0
114	0
115	0
116	0
117	0
118	0
119	0
120	0
121	0
122	0
123	0
124	0
125	0
126	0
127	0
128	0
129	0
130	0
131	0
132	0
133	0
134	0
135	0
136	0
137	0
138	0
139	0
140	0
141	0
142	0
143	0
144	0
145	0
146	0
147	0
148	0
149	0
150	0
151	0
152	0
153	0
154	0
155	0
156	0
157	0
158	0
159	0
160	0
161	0
162	0
163	0
164	0
165	0
166	0
167	0
168	0
169	0
170	0
171	0
172	0
173	0
174	0
175	0
176	0
177	0
178	0
179	0
180	0
181	0
182	0
183	0
184	0
185	0
186	0
187	0
188	0
189	0
190	0
191	0
192	0
193	0
194	0
195	0
196	0
197	0
198	0
199	0
200	5.53074343157589
201	5.72554656076485
202	3.88405775760212
203	1.84573631608281
204	0.351333697487378
205	-0.482909793250645
206	-0.803648607137234
207	-0.811547016125782
208	-0.670404021768341
209	-0.485343482077266
210	-0.311763639737491
211	-0.172382598552206
212	-0.0721144326533944
213	-0.00791595291576556
214	0.0258581087812325
215	0.0350708692656683
216	0.0250065327618877
217	0.000247850726251504
218	-0.0352506948326796
219	-0.07808540557791
220	-0.125364542518606
221	-0.174694538847684
222	-0.224168340199968
223	-0.272341255418047
224	-0.318190227061959
225	-0.361059514008086
226	-0.400598767229052
227	-0.436699597329201
228	-0.46943542444914
229	-0.499007711318402
230	-0.525700168203941
231	-0.54984138734026
232	-0.57177561815618
233	-0.591840956237911
234	-0.610353997833706
235	-0.627599932362826
236	-0.643827054175467
237	-0.659244736617222
238	-0.67402400402184
239	-0.688299946229863
240	-0.702175335857186
241	-0.715724923833566
242	-0.728999998583007
243	-0.742032894974682
244	-0.754841228435248
245	-0.767431706070015
246	-0.77980342989725
247	-0.791950657694636
248	-0.803865025370911
249	-0.815537262458418
250	-0.826958450736373
251	-0.838120886688441
252	-0.849018613005178
253	-0.859647684106753
254	-0.870006226989096
255	-0.880094352722441
256	-0.889913966605891
257	-0.899468517071002
258	-0.908762715520836
259	-0.917802251817683
260	-0.926593523381149
261	-0.935143389999299
262	-0.943458961563911
263	-0.95154742201836
264	-0.959415889800881
265	-0.967071312888727
266	-0.974520395090319
267	-0.981769549373658
268	-0.988824873640564
269	-0.995692144344851
270	-1.00237682360607
271	-1.0088840759006
272	-1.01521879094503
273	-1.02138560996363
274	-1.02738895310802
275	-1.0332330463398
276	-1.03892194657493
277	-1.04445956430961
278	-1.04984968329646
279	-1.05509597711628
280	-1.06020202270053
281	-1.06517131100853
282	-1.07000725515983
283	-1.07471319637645
284	-1.07929240810844
285	-1.08374809871053
286	-1.08808341301223
287	-1.09230143308773
288	-1.09640517848825
289	-1.10039760615421
290	-1.1042816101798
291	-1.10806002156061
292	-1.11173560801798
293	-1.11531107396174
294	-1.11878906062658
295	-1.12217214639661
296	-1.12546284731672
297	-1.12866361777846
298	-1.13177685136041
299	-1.13480488179926
300	-1.13774998406591
301	-1.14061437552158
302	-1.14340021713016
303	-1.14610961470586
304	-1.14874462017806
305	-1.15130723285858
306	-1.15379940069951
307	-1.15622302153289
308	-1.15857994428592
309	-1.16087197016771
310	-1.16310085382535
311	-1.16526830446851
312	-1.16737598696285
313	-1.16942552289334
314	-1.17141849159887
315	-1.17335643118004
316	-1.17524083948192
317	-1.17707317505361
318	-1.17885485808624
319	-1.180587271331
320	-1.18227176099833
321	-1.18390963763938
322	-1.18550217701059
323	-1.18705062092199
324	-1.18855617806958
325	-1.19002002485218
326	-1.19144330617306
327	-1.19282713622614
328	-1.19417259926723
329	-1.19548075036987
330	-1.1967526161661
331	-1.19798919557203
332	-1.19919146049813
333	-1.20036035654444
334	-1.20149680368059
335	-1.20260169691075
336	-1.20367590692358
337	-1.20472028072738
338	-1.2057356422705
339	-1.20672279304718
340	-1.20768251268911
341	-1.20861555954275
342	-1.2095226712328
343	-1.21040456521197
344	-1.21126193929726
345	-1.21209547219307
346	-1.21290582400135
347	-1.21369363671906
348	-1.21445953472317
349	-1.21520412524344
350	-1.21592799882333
351	-1.21663172976915
352	-1.21731587658784
353	-1.21798098241354
354	-1.2186275754232
355	-1.21925616924152
356	-1.21986726333542
357	-1.22046134339826
358	-1.22103888172407
359	-1.22160033757202
360	-1.22214615752135
361	-1.222676775817
362	-1.2231926147061
363	-1.2236940847656
364	-1.22418158522128
365	-1.22465550425815
366	-1.22511621932279
367	-1.2255640974174
368	-1.22599949538622
369	-1.22642276019411
370	-1.22683422919782
371	-1.22723423040985
372	-1.22762308275525
373	-1.22800109632149
374	-1.22836857260163
375	-1.22872580473085
376	-1.2290730777166
377	-1.22941066866261
378	-1.22973884698664
379	-1.23005787463249
380	-1.23036800627614
381	-1.23066948952633
382	-1.23096256511964
383	-1.23124746711028
384	-1.23152442305471
385	-1.23179365419114
386	-1.23205537561423
387	-1.23230979644488
388	-1.23255711999549
389	-1.23279754393064
390	-1.23303126042336
391	-1.2332584563071
392	-1.23347931322362
393	-1.23369400776667
394	-1.23390271162188
395	-1.23410559170266
396	-1.23430281028245
397	-1.23449452512331
398	-1.23468088960096
399	-1.2348620528264
400	-4.55348421870968
401	-4.67053728780617
402	-3.56581041915041
403	-2.34297932234198
404	-1.44649500364651
405	-0.946101771919183
406	-0.75380707894909
407	-0.749212480551775
408	-0.834038691472957
409	-0.945211509363468
410	-1.04949209794124
411	-1.13324970121077
412	-1.1935359780213
413	-1.23217694230052
414	-1.25255985257727
415	-1.25820267388645
416	-1.25227602105776
417	-1.23752963469051
418	-1.21633629121706
419	-1.19073829443793
420	-1.16247077018446
421	-1.1329699386819
422	-1.10338011045837
423	-1.0745681759474
424	-1.04714804324269
425	-1.02151322859761
426	-0.997874011014671
427	-0.976295491780181
428	-0.956733684576024
429	-0.939067775701259
430	-0.92312760115489
431	-0.908716066028386
432	-0.895626679418939
433	-0.883656641099675
434	-0.872616048863599
435	-0.862333843063582
436	-0.852661099600306
437	-0.843472245525921
438	-0.83466471588899
439	-0.826157505062003
440	-0.817888996416829
441	-0.809814385035904
442	-0.801902942235762
443	-0.794135310225564
444	-0.786500961665941
445	-0.778995913019644
446	-0.771620742631509
447	-0.764378934238523
448	-0.757275543562625
449	-0.750316169029507
450	-0.743506196608548
451	-0.736850282353077
452	-0.730352033516364
453	-0.724013849260229
454	-0.717836884176919
455	-0.711821101429715
456	-0.705965386713234
457	-0.700267698980836
458	-0.69472523863035
459	-0.689334618322986
460	-0.684092025660348
461	-0.678993370458817
462	-0.674034412293729
463	-0.669210866337125
464	-0.664518487313363
465	-0.65995313269975
466	-0.655510807170221
467	-0.651187690790771
468	-0.646980153697593
469	-0.642884759990636
470	-0.638898263418402
471	-0.635017597167543
472	-0.63123985974819
473	-0.627562298618871
474	-0.623982292851114
475	-0.620497335813442
476	-0.617105018571097
477	-0.613803014459288
478	-0.610589065097397
479	-0.607460967969212
480	-0.604416565597287
481	-0.601453736284702
482	-0.598570386382385
483	-0.595764444065408
484	-0.593033854671819
485	-0.590376577779419
486	-0.587790586369876
487	-0.585273868630623
488	-0.582824433087133
489	-0.580440317648332
490	-0.578119602447515
491	-0.57586042460784
492	-0.573660989851282
493	-0.571519571342847
494	-0.569434481935216
495	-0.567404006539561
496	-0.565426295494693
497	-0.563499260889657
498	-0.561620600142683
499	-0.559788198474385
500	-0.558001302783454
501	-0.55626290704023
502	-0.55459146213874
503	-0.552983646762115
504	-0.55143067489985
505	-0.549924971185206
506	-0.548461580494885
507	-0.547037560967666
508	-0.545651066469283
509	-0.544300723766557
510	-0.542985353234931
511	-0.541703899875728
512	-0.540455442296589
513	-0.53923920342667
514	-0.538054537522747
515	-0.536900896503515
516	-0.535777788031062
517	-0.534684736524543
518	-0.533621253458619
519	-0.532586818758255
520	-0.531580872215483
521	-0.530602812588376
522	-0.529652001860703
523	-0.528727772497403
524	-0.527829436053712
525	-0.526956291991321
526	-0.526107635954617
527	-0.525282767058805
528	-0.524480993958197
529	-0.523701639617807
530	-0.522944044820523
531	-0.522207570515984
532	-0.521491599162991
533	-0.520795535240138
534	-0.520118805104259
535	-0.519460856367966
536	-0.518821156950109
537	-0.518199193930417
538	-0.517594472314833
539	-0.517006513793537
540	-0.51643485555094
541	-0.515879049167052
542	-0.515338659633052
543	-0.514813264490673
544	-0.514302453095086
545	-0.513805825993888
546	-0.513322994410289
547	-0.512853579816045
548	-0.512397213578776
549	-0.511953536668602
550	-0.511522199410104
551	-0.511102861267259
552	-0.510695190650878
553	-0.510298864740049
554	-0.509913569310993
555	-0.509538998568499
556	-0.509174854976662
557	-0.508820849086877
558	-0.508476699362156
559	-0.508142131997576
560	-0.507816880737269
561	-0.507500686688734
562	-0.507193298135485
563	-0.506894470349148
564	-0.506603965402109
565	-0.506321551981747
566	-0.506047005207167
567	-0.505780106449196
568	-0.505520643154252
569	-0.505268408672534
570	-0.505023202090863
571	-0.504784828070352
572	-0.504553096688986
573	-0.504327823289088
574	-0.504108828329595
575	-0.503895937243001
576	-0.503688980296795
577	-0.503487792459239
578	-0.503292213269242
579	-0.503102086710176
580	-0.502917261087408
581	-0.502737588909398
582	-0.502562926772165
583	-0.502393135246993
584	-0.502228078771245
585	-0.502067625542157
586	-0.501911647413515
587	-0.501760019795091
588	-0.501612621554781
589	-0.501469334923347
590	-0.501330045401715
591	-0.501194641670743
592	-0.501063015503415
593	-0.50093506167939
594	-0.500810677901857
595	-0.500689764716652
596	-0.500572225433557
597	-0.500457966049753
598	-0.500346895175358
599	-0.500238923961007
600	-2.76773877297354
601	-2.84750602731053
602	-2.09239643704375
603	-1.25658823333873
604	-0.643789438155253
605	-0.301658501496872
606	-0.170067025518415
607	-0.166742587814854
608	-0.22452752881801
609	-0.300320999728548
610	-0.371409655895738
611	-0.428479011422993
612	-0.469514234341246
613	-0.495762972330348
614	-0.509539727124095
615	-0.513248320046039
616	-0.509055219826944
617	-0.498839301093744
618	-0.48422184948833
619	-0.466598330794503
620	-0.447154308871214
621	-0.426871098350066
622	-0.406530545091445
623	-0.386724927333512
624	-0.367873654747216
625	-0.350245538535646
626	-0.333984180330086
627	-0.319133979467155
628	-0.305664794495452
629	-0.293493987592283
630	-0.28250520050387
631	-0.272563674398845
632	-0.263528231995885
633	-0.25526022006022
634	-0.247629801028875
635	-0.24052001505496
636	-0.233829030159934
637	-0.227470972841958
638	-0.221375693534672
639	-0.215487776631508
640	-0.209765057383775
641	-0.20417686070945
642	-0.198702131910319
643	-0.193327587984792
644	-0.188045981626258
645	-0.182854538649525
646	-0.177753603652568
647	-0.172745508058848
648	-0.16783365893559
649	-0.163021835633371
650	-0.158313673742354
651	-0.153712311475931
652	-0.149220171744344
653	-0.144838853277138
654	-0.140569105658613
655	-0.136410865589671
656	-0.132363334692727
657	-0.128425082419606
658	-0.124594160864132
659	-0.120868221345331
660	-0.117244625395776
661	-0.113720545192458
662	-0.110293050474223
663	-0.106959180599335
664	-0.103716001630875
665	-0.100560649232432
666	-0.0974903587570243
667	-0.0945024842670269
668	-0.0915945083812016
669	-0.0887640448526386
670	-0.0860088356803687
671	-0.0833267443835163
672	-0.0807157468499882
673	-0.0781739209355978
674	-0.0756994357522232
675	-0.0732905413578598
676	-0.0709455593556748
677	-0.0686628747281432
678	-0.0664409290779718
679	-0.0642782153197235
680	-0.0621732737629278
681	-0.0601246894456898
682	-0.0581310905123506
683	-0.0561911473722991
684	-0.0543035723199649
685	-0.0524671192278394
686	-0.0506805828390136
687	-0.0489427970933052
688	-0.0472526318690156
689	-0.0456089876233268
690	-0.0440107878690983
691	-0.0424569705099194
692	-0.0409464810100085
693	-0.039478273116432
694	-0.0380513254073373
695	-0.0366646816196012
696	-0.0353175142335771
697	-0.0340091861514956
698	-0.0327392359030092
699	-0.0315071354135971
700	-0.0303115848505342
701	-0.0291490804966153
702	-0.0280068879054378
703	-0.0268853784214927
704	-0.0257882436958815
705	-0.0247184895081311
706	-0.0236775890378544
707	-0.0226658460990542
708	-0.0216829447255048
709	-0.0207283219524962
710	-0.019801334502162
711	-0.0189012993072012
712	-0.0180274872806971
713	-0.0171791160682962
714	-0.0163553570478838
715	-0.0155553547530302
716	-0.0147782512673986
717	-0.0140232088777039
718	-0.0132894271723803
719	-0.0125761534978757
720	-0.0118826874162172
721	-0.0112083805669022
722	-0.0105526334454162
723	-0.00991489039678798
724	-0.00929463380917272
725	-0.00869137819517088
726	-0.00810466460891331
727	-0.0075340556677349
728	-0.00697913131744982
729	-0.00643948538734005
730	-0.00591472291550088
731	-0.00540445818085524
732	-0.00490831335074932
733	-0.0044259176393104
734	-0.00395690686876415
735	-0.00350092333091693
736	-0.00305761585640918
737	-0.00262664001289756
738	-0.00220765836814713
739	-0.00180034076871034
740	-0.00140436459847171
741	-0.00101941499325805
742	-0.000645184997653267
743	-0.000281375658064264
744	7.23039479546057e-05
745	0.000416136741881361
746	0.000750397726942553
747	0.00107535411489739
748	0.00139126548787559
749	0.00169838398641159
750	0.00199695451548874
751	0.00228721496137078
752	0.0025693964131289
753	0.00284372338395782
754	0.00311041402851976
755	0.00336968035359328
756	0.00362172842023483
757	0.00386675853643515
758	0.00410496543985984
759	0.00433653847074791
760	0.00456166173538969
761	0.00478051426082758
762	0.00499327014155324
763	0.00520009867903213
764	0.0054011645148793
765	0.00559662775846658
766	0.00578664410966782
767	0.00597136497735935
768	0.00615093759419804
769	0.00632550512810268
770	0.0064952067907706
771	0.00666017794348281
772	0.00682055020038393
773	0.00697645152937145
774	0.00712800635068457
775	0.00727533563324292
776	0.00741855698876535
777	0.00755778476367546
778	0.00769313012880443
779	0.00782470116689629
780	0.00795260295791414
781	0.00807693766215609
782	0.00819780460119492
783	0.00831530033665587
784	0.00842951874685178
785	0.00854055110130544
786	0.00864848613319754
787	0.00875341010978173
788	0.00885540690081799
789	0.00895455804507327
790	0.00905094281495483
791	0.00914463827934849
792	0.00923571936473622
793	0.00932425891467273
794	0.00941032774766327
795	0.00949399471345088
796	0.00957532674764431
797	0.00965438892456409
798	0.00973124450819998
799	0.00980595500133981
800	0.00987858019337622
