1	0
2	0
3	0
4	0
5	0
6	0
7	0
8	0
9	0
10	0
11	0
12	0
13	0
14	0
15	0
16	0
17	0
18	0
19	0
20	0
21	0
22	0
23	0
24	0
25	0
26	0
27	0
28	0
29	0
30	0
31	0
32	0
33	0
34	0
35	0
36	0
37	0
38	0
39	0
40	0
41	0
42	0
43	0
44	0
45	0
46	0
47	0
48	0
49	0
50	0
51	0
52	0
53	0
54	0
55	0
56	0
57	0
58	0
59	0
60	0
61	0
62	0
63	0
64	0
65	0
66	0
67	0
68	0
69	0
70	0
71	0
72	0
73	0
74	0
75	0
76	0
77	0
78	0
79	0
80	0
81	0
82	0
83	0
84	0
85	0
86	0
87	0
88	0
89	0
90	0
91	0
92	0
93	0
94	0
95	0
96	0
97	0
98	0
99	0
100	0
101	0
102	0
103	0
104	0
105	0
106	0
107	0
108	0
109	0
110	0
111	0
112	0
113	0
114	0
115	0
116	0
117	0
118	0
119	0
120	0
121	0
122	0
123	0
124	0
125	0
126	0
127	0
128	0
129	0
130	0
131	0
132	0
133	0
134	0
135	0
136	0
137	0
138	0
139	0
140	0
141	0
142	0
143	0
144	0
145	0
146	0
147	0
148	0
149	0
150	0
151	0
152	0
153	0
154	0
155	0
156	0
157	0
158	0
159	0
160	0
161	0
162	0
163	0
164	0
165	0
166	0
167	0
168	0
169	0
170	0
171	0
172	0
173	0
174	0
175	0
176	0
177	0
178	0
179	0
180	0
181	0
182	0
183	0
184	0
185	0
186	0
187	0
188	0
189	0
190	0
191	0
192	0
193	0
194	0
195	0
196	0
197	0
198	0
199	0
200	0
201	0
202	4.026908900078
203	8.37086296957561
204	11.6327796648419
205	13.6443862372658
206	14.7136330927193
207	15.2183129614989
208	15.4455323941582
209	15.5649634486789
210	15.6559098575704
211	15.7442439941751
212	15.831246356068
213	15.9107884316998
214	15.9772795793315
215	16.0280599230647
216	16.063197870463
217	16.0844862870128
218	16.0944831195162
219	16.095863155212
220	16.0910729211999
221	16.0821931767132
222	16.0709150685581
223	16.0585661907045
224	16.0461524886491
225	16.0344018444812
226	16.0238054218958
227	16.0146566687593
228	16.0070884579692
229	16.0011083257283
230	15.9966312130389
231	15.9935088906357
232	15.9915553440225
233	15.9905676814474
234	15.9903424691642
235	15.9906877043567
236	15.9914308628185
237	15.9924235962559
238	15.9935437126997
239	15.9946950706931
240	15.9958059725447
241	15.9968265705628
242	15.9977257159917
243	15.9984875930799
244	15.9991083970723
245	15.9995932392594
246	15.9999533969915
247	16.0002039728023
248	16.0003619844839
249	16.0004448763953
250	16.0004694202881
251	16.0004509600853
252	16.0004029478347
253	16.0003367160052
254	16.0002614330468
255	16.000184193494
256	16.0001101998509
257	16.0000430002571
258	15.999984752855
259	15.9999364944247
260	15.9998983969123
261	15.9998700007578
262	15.9998504183639
263	15.9998385046018
264	15.9998329939886
265	15.9998326061545
266	15.9998361225534
267	15.9998424381624
268	15.9998505922771
269	15.9998597825299
270	15.9998693660499
271	15.9998788513035
272	15.9998878836894
273	15.9998962274491
274	15.9999037459434
275	15.9999103818631
276	15.9999161385056
277	15.9999210628718
278	15.9999252310247
279	15.9999287358997
280	15.9999316775659
281	15.9999341557999
282	15.9999362647436
283	15.9999380893617
284	15.9999397033971
285	15.9999411685187
286	15.9999425343773
287	15.9999438393126
288	15.99994511149
289	15.9999463702845
290	15.9999476277634
291	15.9999488901593
292	15.9999501592532
293	15.9999514336146
294	15.999952709671
295	15.9999539825936
296	15.9999552470011
297	15.9999564974945
298	15.9999577290387
299	15.999958937214
300	15.9999601183589
301	15.9999612696278
302	15.9999623889828
303	15.9999634751412
304	15.9999645274909
305	15.9999655459909
306	15.999966531064
307	15.9999674834921
308	15.9999684043179
309	15.9999692947583
310	15.9999701561293
311	15.9999709897854
312	15.9999717970718
313	15.9999725792891
314	15.9999733376685
315	15.9999740733571
316	15.9999747874097
317	15.999975480788
318	15.9999761543628
319	15.9999768089208
320	15.9999774451722
321	15.9999780637595
322	15.9999786652675
323	15.9999792502319
324	15.9999798191478
325	15.9999803724769
326	15.9999809106543
327	15.999981434094
328	15.9999819431925
329	15.999982438333
330	15.9999829198873
331	15.9999833882181
332	15.9999838436798
333	15.9999842866193
334	15.9999847173767
335	15.9999851362848
336	15.9999855436697
337	15.9999859398503
338	15.9999863251381
339	15.999986699837
340	15.9999870642433
341	15.9999874186454
342	15.9999877633238
343	15.999988098551
344	15.9999884245917
345	15.9999887417027
346	15.9999890501332
347	15.9999893501249
348	15.9999896419122
349	15.9999899257226
350	15.9999902017765
351	15.999990470288
352	15.9999907314648
353	15.9999909855084
354	15.9999912326145
355	15.9999914729731
356	15.999991706769
357	15.9999919341815
358	15.9999921553849
359	15.9999923705488
360	15.9999925798379
361	15.9999927834123
362	15.9999929814279
363	15.9999931740362
364	15.9999933613845
365	15.9999935436162
366	15.9999937208707
367	15.9999938932836
368	15.9999940609869
369	15.9999942241088
370	15.9999943827741
371	15.9999945371043
372	15.9999946872175
373	15.9999948332286
374	15.9999949752495
375	15.9999951133887
376	15.9999952477522
377	15.9999953784429
378	15.9999955055609
379	15.9999956292037
380	15.9999957494661
381	15.9999958664402
382	15.9999959802157
383	15.9999960908799
384	15.9999961985177
385	15.9999963032116
386	15.9999964050419
387	15.9999965040868
388	15.9999966004223
389	15.9999966941223
390	15.9999967852588
391	15.9999968739018
392	15.9999969601194
393	15.9999970439778
394	15.9999971255416
395	15.9999972048734
396	15.9999972820344
397	15.9999973570839
398	15.9999974300798
399	15.9999975010781
400	15.9999975701337
401	15.9999976372997
402	15.7944865094905
403	15.6508014152576
404	15.6418553756311
405	15.7431053514736
406	15.8998896547125
407	16.0626011086499
408	16.1990573584061
409	16.2945315913043
410	16.3470029274251
411	16.3618285070507
412	16.3475734342137
413	16.3133375497887
414	16.2673171272353
415	16.2161959046364
416	16.1650174741637
417	16.1173016345313
418	16.0752647221249
419	16.0400699775087
420	16.0120720307684
421	15.9910389943583
422	15.9763448592227
423	15.9671293736917
424	15.9624251747309
425	15.9612537753379
426	15.9626933920648
427	15.9659225331061
428	15.970243742068
429	15.9750919428294
430	15.9800315469034
431	15.9847459793486
432	15.9890226607627
433	15.9927358383961
434	15.9958290498877
435	15.9982984649772
436	16.0001779007787
437	16.0015259481182
438	16.0024153747012
439	16.0029247753932
440	16.0031323085236
441	16.0031112774174
442	16.0029272766541
443	16.002636612456
444	16.0022857173266
445	16.001911303352
446	16.0015410307385
447	16.0011945038322
448	16.0008844428543
449	16.0006179137031
450	16.000397528998
451	16.0002225602892
452	16.0000899237212
453	15.9999950194362
454	15.9999324189158
455	15.9998964046796
456	15.9998813738077
457	15.9998821211372
458	15.999894020233
459	15.9999131208335
460	15.9999361808584
461	15.9999606496198
462	15.9999846169156
463	16.0000067404567
464	16.000026161789
465	16.0000424186611
466	16.0000553597543
467	16.0000650659028
468	16.000071780413
469	16.0000758498542
470	16.0000776757223
471	16.0000776766617
472	16.0000762604242
473	16.0000738044285
474	16.0000706436136
475	16.0000670642297
476	16.0000633022445
477	16.0000595451352
478	16.0000559359728
479	16.0000525788542
480	16.0000495448963
481	16.0000468781659
482	16.0000446010659
483	16.0000427188385
484	16.0000412229741
485	16.0000400934246
486	16.000039299608
487	16.0000388002349
488	16.0000385419833
489	16.0000384569668
490	16.0000384588368
491	16.0000384373427
492	16.000038251529
493	16.00003772298
494	16.0000366332565
495	16.000034734416
496	16.0000317877983
497	16.0000276512481
498	16.0000224312883
499	16.0000166905551
500	16.0000116317252
501	16.0000090466537
502	16.0000106216132
503	16.0000159817683
504	16.0000195908871
505	16.0000184335302
506	16.0000126858393
507	16.0000041869166
508	15.9999949880542
509	15.9999866066792
510	15.9999798696145
511	15.9999750537088
512	15.9999720979535
513	15.9999707760395
514	15.9999708023753
515	15.9999718847685
516	15.9999737463227
517	15.9999761340718
518	15.9999788236876
519	15.9999816233931
520	15.9999843770644
521	15.9999869656529
522	15.9999893063687
523	15.9999913496754
524	15.9999930746152
525	15.9999944831858
526	15.9999955944741
527	15.9999964390987
528	15.9999970543289
529	15.9999974800694
530	15.9999977557639
531	15.9999979181749
532	15.999997999943
533	15.9999980287978
534	15.9999980272888
535	15.999998012905
536	15.999997998466
537	15.9999979926866
538	15.9999980008284
539	15.9999980253775
540	15.9999980666973
541	15.9999981236258
542	15.9999981939962
543	15.9999982750704
544	15.9999983638849
545	15.9999984575125
546	15.9999985532473
547	15.9999986487236
548	15.9999987419814
549	15.9999988314868
550	15.9999989161223
551	15.9999989951524
552	15.9999990681763
553	15.9999991350728
554	15.9999991959427
555	15.9999992510537
556	15.9999993007898
557	15.9999993456071
558	15.9999993859965
559	15.9999994224549
560	15.9999994554626
561	15.9999994854672
562	15.9999995128744
563	15.999999538042
564	15.9999995612787
565	15.9999995828451
566	15.9999996029576
567	15.9999996217925
568	15.9999996394914
569	15.9999996561671
570	15.9999996719087
571	15.9999996867865
572	15.9999997008569
573	15.9999997141657
574	15.9999997267515
575	15.9999997386483
576	15.999999749887
577	15.999999760497
578	15.9999997705071
579	15.9999997799461
580	15.9999997888427
581	15.999999797226
582	15.9999998051249
583	15.9999998125683
584	15.9999998195848
585	15.999999826202
586	15.9999998324469
587	15.9999998383453
588	15.9999998439217
589	15.9999998491992
590	15.9999998541993
591	15.9999998589423
592	15.9999998634466
593	15.9999998677293
594	15.9999998718061
595	15.9999998756911
596	15.9999998793976
597	15.9999998829372
598	15.9999998863208
599	15.9999998895584
600	15.9999998926588
601	15.9999998956304
602	16.4981560266014
603	17.1091476036239
604	17.6710178723735
605	18.1420566326282
606	18.5297475347786
607	18.8528747587234
608	19.1265375290549
609	19.3593350407875
610	19.5552641331289
611	19.7163578215399
612	19.8445321750797
613	19.9424172620144
614	20.0134573941677
615	20.0616430492512
616	20.091142904863
617	20.10598225204
618	20.1098212383462
619	20.1058333545147
620	20.0966624251535
621	20.0844323769374
622	20.0707881768103
623	20.0569525278482
624	20.0437883959099
625	20.0318614016
626	20.0214986639765
627	20.0128422282429
628	20.0058961356844
629	20.0005667712449
630	19.9966965096511
631	19.9940909532777
632	19.9925402485607
633	19.9918350977324
634	19.9917781576791
635	19.9921915458262
636	19.9929211628248
637	19.9938385024842
638	19.9948405595508
639	19.9958483732878
640	19.9968046658872
641	19.9976709547208
642	19.9984244402982
643	19.999054900386
644	19.9995617569647
645	19.9999514276342
646	20.0002350271463
647	20.0004264478351
648	20.0005408193097
649	20.0005933270795
650	20.0005983558125
651	20.0005689146197
652	20.0005162980319
653	20.0004499361504
654	20.0003773898638
655	20.0003044511928
656	20.0002353140447
657	20.0001727863616
658	20.0001185203772
659	20.000073243144
660	20.0000369744188
661	20.0000092232794
662	19.9999891584258
663	19.9999757499857
664	19.9999678828393
665	19.9999644430642
666	19.9999643801525
667	19.9999667482719
668	19.9999707300957
669	19.9999756467219
670	19.9999809569952
671	19.9999862492165
672	19.9999912278154
673	19.9999956971286
674	19.999999543994
675	20.0000027204631
676	20.0000052275748
677	20.0000071008193
678	20.0000083976683
679	20.0000091873415
680	20.0000095428302
681	20.0000095350882
682	20.0000092292246
683	20.0000086824902
684	20.0000079438177
685	20.0000070546688
686	20.0000060509399
687	20.0000049657046
688	20.0000038326239
689	20.0000026899408
690	20.0000015850908
691	20.0000005800195
692	19.9999997571489
693	19.9999992252629
694	19.9999991229626
695	19.999999614395
696	20.0000008677936
697	20.0000030035127
698	20.0000059989424
699	20.0000095514852
700	20.0000129407867
701	20.000015012335
702	19.6088784024704
703	19.2159840386691
704	18.9674840025703
705	18.8777630226044
706	18.9085530564678
707	19.0125365684056
708	19.1514250348404
709	19.2998138818321
710	19.4430279489057
711	19.5735703910426
712	19.6881425571911
713	19.7857067127859
714	19.8664213781056
715	19.9311229424996
716	19.9810811883381
717	20.0178621378138
718	20.0432202132928
719	20.058995704067
720	20.0670183200923
721	20.0690244259569
722	20.0665940021924
723	20.061109471706
724	20.0537351099245
725	20.0454136969341
726	20.0368762725287
727	20.0286609113667
728	20.0211369445905
729	20.0145317331946
730	20.0089577846509
731	20.00443862182
732	20.0009323361646
733	19.9983521840032
734	19.9965839225017
735	19.9954998412094
736	19.9949696351278
737	19.9948683961376
738	19.9950820803637
739	19.9955108488116
740	19.9960706860787
741	19.9966936852964
742	19.9973273540475
743	19.9979332521703
744	19.9984852233606
745	19.9989674324464
746	19.9993723722018
747	19.9996989597123
748	19.99995080391
749	20.0001346935944
750	20.0002593291716
751	20.0003343012172
752	20.0003693042623
753	20.0003735642522
754	20.0003554521484
755	20.0003222533865
756	20.0002800626062
757	20.0002337745792
758	20.0001871449773
759	20.000142898063
760	20.0001028621525
761	20.0000681174907
762	20.0000391447715
763	20.0000159657887
764	19.999998270524
765	19.9999855273294
766	19.999977074747
767	19.9999721949449
768	19.9999701697863
769	19.9999703212406
770	19.9999720382463
771	19.9999747923034
772	19.9999781440733
773	19.999981743129
774	19.9999853227845
775	19.9999886916695
776	19.999991723432
777	19.9999943456709
778	19.9999965289338
779	19.9999982763799
780	19.9999996145022
781	20.0000005851333
782	20.0000012388245
783	20.0000016295862
784	20.0000018109032
785	20.0000018328936
786	20.0000017404497
787	20.0000015721911
788	20.0000013600617
789	20.0000011294141
790	20.0000008994384
791	20.000000683817
792	20.0000004915049
793	20.0000003275561
794	20.0000001939375
795	20.0000000902883
796	20.000000014597
797	19.9999999637815
798	19.9999999341669
799	19.9999999218623
800	19.999999923044
801	19.9999999341548
802	16.8266276651267
803	13.2227497277369
804	10.2680151216781
805	8.15101611213622
806	6.70698973152571
807	5.70711942699342
808	4.97350175195978
809	4.39980927468641
810	3.93430605858576
811	3.55607694559499
812	3.25689875907652
813	3.03105871874804
814	2.87130024865834
815	2.7682741147503
816	2.71144294341199
817	2.6902391808869
818	2.69495382880174
819	2.71723680644164
820	2.75027230897887
821	2.78874143653715
822	2.82867127487555
823	2.86723832562038
824	2.90256539694179
825	2.93353116557846
826	2.95960016391878
827	2.98067530506854
828	2.99697267534776
829	3.0089174412422
830	3.01705937976851
831	3.02200634011766
832	3.02437376803422
833	3.02474827970567
834	3.02366319100523
835	3.02158391021684
836	3.0189011878689
837	3.01593037191741
838	3.01291501970744
839	3.01003344878062
840	3.00740704828727
841	3.00510940710365
842	3.00317553342045
843	3.00161063681439
844	3.00039811383087
845	2.99950652038087
846	2.99889542902427
847	2.99852015798678
848	2.99833542393416
849	2.99829801505434
850	2.99836860809638
851	2.9985128659568
852	2.99870195433327
853	2.99891260977217
854	2.99912687967099
855	2.99933163962363
856	2.99951797668201
857	2.99968051002726
858	2.9998167042148
859	2.99992621527756
860	3.00001029696761
861	3.00007128349362
862	3.00011215630386
863	3.00013619567767
864	3.00014671294274
865	3.00014685579623
866	3.00013947721729
867	3.0001270575528
868	3.00011166928758
869	3.00009497454603
870	3.00007824631611
871	3.00006240557204
872	3.00004806776561
873	3.00003559345485
874	3.00002513906925
875	3.00001670492222
876	3.00001017854566
877	3.00000537222525
878	3.00000205425789
879	2.99999997394385
880	2.99999888068014
881	2.99999853775651
882	2.99999873159083
883	2.99999927719635
884	3.00000002066725
885	3.00000083941915
886	3.00000164084265
887	3.00000235993618
888	3.00000295639153
889	3.00000341152281
890	3.0000037253592
891	3.00000391415266
892	3.00000400844503
893	3.00000405161845
894	3.00000409840859
895	3.00000421208082
896	3.00000445785902
897	3.00000488909319
898	3.00000552257929
899	3.00000630251615
900	3.00000706217563
901	3.00000751245038
902	3.0000073190735
903	3.00000636984686
904	3.00000526315569
905	3.00000460525596
906	3.00000470400542
907	3.00000554112105
908	3.00000688114774
909	3.00000840846233
910	3.00000983330682
911	3.00001094900529
912	3.00001164671704
913	3.00001190315916
914	3.00001175635011
915	3.00001127998995
916	3.00001056216161
917	3.00000969027774
918	3.0000087419744
919	3.0000077806836
920	3.0000068544365
921	3.0000059966528
922	3.00000522799429
923	3.00000455866311
924	3.00000399075982
925	3.00000352047956
926	3.00000314003075
927	3.00000283922847
928	3.00000260675692
929	3.00000243112107
930	3.000002301323
931	3.00000220730553
932	3.00000214020809
933	3.00000209247767
934	3.00000205787372
935	3.00000203139995
936	3.00000200918999
937	3.00000198836807
938	3.00000196690017
939	3.00000194344688
940	3.00000191722526
941	3.00000188788405
942	3.0000018553946
943	3.00000181995808
944	3.00000178192868
945	3.00000174175165
946	3.0000016999147
947	3.00000165691128
948	3.00000161321375
949	3.00000156925519
950	3.00000152541789
951	3.00000148202757
952	3.0000014393518
953	3.00000139760168
954	3.00000135693593
955	3.0000013174665
956	3.00000127926519
957	3.00000124237069
958	3.00000120679563
959	3.00000117253338
960	3.00000113956417
961	3.00000110786054
962	3.00000107739172
963	3.00000104812691
964	3.00000102003742
965	3.00000099309738
966	3.00000096728309
967	3.000000942571
968	3.00000091893408
969	3.00000089633691
970	3.00000087472933
971	3.00000085403908
972	3.00000083416354
973	3.00000081496115
974	3.00000079624316
975	3.00000077776658
976	3.00000075922939
977	3.00000074026941
978	3.00000072046853
979	3.00000069936391
980	3.00000067646805
981	3.00000065129953
982	3.00000062342542
983	3.00000059251624
984	3.00000055841271
985	3.000000521203
986	3.00000048130865
987	3.00000043957819
988	3.00000039739126
989	3.00000035678121
990	3.00000032059032
991	3.00000029266899
992	3.00000027810513
993	3.00000028339516
994	3.00000031631776
995	3.00000038503174
996	3.00000049564272
997	3.00000064735579
998	3.00000082477726
999	3.00000098867296
1000	3.00000107048482
