1	0
2	0
3	0
4	0
5	0
6	0
7	0
8	0
9	0
10	0
11	0
12	0
13	0
14	0
15	0
16	0
17	0
18	0
19	0
20	0
21	0
22	0
23	0
24	0
25	0
26	0
27	0
28	0
29	0
30	0
31	0
32	0
33	0
34	0
35	0
36	0
37	0
38	0
39	0
40	0
41	0
42	0
43	0
44	0
45	0
46	0
47	0
48	0
49	0
50	0
51	0
52	0
53	0
54	0
55	0
56	0
57	0
58	0
59	0
60	0
61	0
62	0
63	0
64	0
65	0
66	0
67	0
68	0
69	0
70	0
71	0
72	0
73	0
74	0
75	0
76	0
77	0
78	0
79	0
80	0
81	0
82	0
83	0
84	0
85	0
86	0
87	0
88	0
89	0
90	0
91	0
92	0
93	0
94	0
95	0
96	0
97	0
98	0
99	0
100	0
101	0
102	0
103	0
104	0
105	0
106	0
107	0
108	0
109	0
110	0
111	0
112	0
113	0
114	0
115	0
116	0
117	0
118	0
119	0
120	0
121	0
122	0
123	0
124	0
125	0
126	0
127	0
128	0
129	0
130	0
131	0
132	0
133	0
134	0
135	0
136	0
137	0
138	0
139	0
140	0
141	0
142	0
143	0
144	0
145	0
146	0
147	0
148	0
149	0
150	0
151	0
152	0
153	0
154	0
155	0
156	0
157	0
158	0
159	0
160	0
161	0
162	0
163	0
164	0
165	0
166	0
167	0
168	0
169	0
170	0
171	0
172	0
173	0
174	0
175	0
176	0
177	0
178	0
179	0
180	0
181	0
182	0
183	0
184	0
185	0
186	0
187	0
188	0
189	0
190	0
191	0
192	0
193	0
194	0
195	0
196	0
197	0
198	0
199	0
200	-11.3572576392646
201	-5.10224279338289
202	-11.2524395554941
203	-14.3258102861669
204	-9.26343097773518
205	-1.92257388231005
206	3.03406884696223
207	5.22380280479771
208	6.60126764704808
209	8.56491788393607
210	10.9893802724001
211	13.0401791718635
212	14.2012353919518
213	14.5464971329331
214	14.4012314139053
215	13.9768880014975
216	13.2950137506539
217	12.3166874593324
218	11.0634300020122
219	9.62931824235892
220	8.12533054061523
221	6.63372666940188
222	5.20365431522025
223	3.86964268816715
224	2.66509965708643
225	1.62146206094944
226	0.760759960667492
227	0.0914065094784675
228	-0.39022482696609
229	-0.695735288136703
230	-0.841704395303911
231	-0.848540889605609
232	-0.739978618536192
233	-0.542086810465943
234	-0.281699762482383
235	0.015185823838344
236	0.324600732165479
237	0.625337704570683
238	0.899413899101656
239	1.13240208756905
240	1.31363757999697
241	1.43624726646109
242	1.49697963365076
243	1.49587070213556
244	1.43580435336573
245	1.32201408397107
246	1.16155363297092
247	0.962755373937629
248	0.734697347560687
249	0.486702555623189
250	0.227891609870092
251	-0.0331968619698699
252	-0.288910537751001
253	-0.532709761915402
254	-0.759316372296926
255	-0.96478806878585
256	-1.14652415383197
257	-1.30321102835934
258	-1.43471766484133
259	-1.54195221285645
260	-1.62669107828525
261	-1.69139149794584
262	-1.7389979473415
263	-1.7727517102234
264	-1.7960116353095
265	-1.81209258449678
266	-1.82412644895054
267	-1.83494897983553
268	-1.8470141265799
269	-1.86233614993749
270	-1.88245851939485
271	-1.90844754737709
272	-1.94090787985299
273	-1.98001636483631
274	-2.02557045363661
275	-2.07704714013074
276	-2.13366848884643
277	-2.19447001628461
278	-2.25836854111403
279	-2.32422657483513
280	-2.3909108516886
281	-2.45734316244954
282	-2.5225422312699
283	-2.58565593144392
284	-2.64598365261621
285	-2.70298909086396
286	-2.75630412136913
287	-2.80572472291234
288	-2.85120015055653
289	-2.89281669814861
290	-2.93077745970759
291	-2.96537949536094
292	-2.99698974244112
293	-3.02602089641147
294	-3.05290833107998
295	-3.07808894495486
296	-3.10198262216623
297	-3.12497679290799
298	-3.14741437947521
299	-3.16958522787996
300	-3.19172095830706
301	-3.21399302520824
302	-3.23651366281919
303	-3.25933930589041
304	-3.28247601853755
305	-3.30588643513192
306	-3.32949771378032
307	-3.35321002206116
308	-3.37690511257092
309	-3.4004545984196
310	-3.42372760189508
311	-3.44659751896556
312	-3.4689477142267
313	-3.4906760318293
314	-3.51169807484203
315	-3.53194926596739
316	-3.55138575469468
317	-3.56998427859555
318	-3.58774111888586
319	-3.60467031246277
320	-3.62080129472423
321	-3.63617615033208
322	-3.65084664374437
323	-3.66487118910106
324	-3.6783119013219
325	-3.69123184855133
326	-3.70369260183136
327	-3.71575215249653
328	-3.72746324252859
329	-3.738872129084
330	-3.75001778251559
331	-3.76093149814675
332	-3.77163688630237
333	-3.78215019292794
334	-3.79248089461644
335	-3.8026325069203
336	-3.8126035432144
337	-3.82238856274158
338	-3.83197925037352
339	-3.84136547656033
340	-3.85053629339906
341	-3.85948083120174
342	-3.8681890688865
343	-3.87665246049362
344	-3.8848644087407
345	-3.89282058444395
346	-3.90051909758557
347	-3.90796053161641
348	-3.91514785713815
349	-3.92208624436887
350	-3.92878279578181
351	-3.93524622109493
352	-3.94148647649656
353	-3.94751438877047
354	-3.95334128300641
355	-3.95897863003113
356	-3.96443772675876
357	-3.96972941951446
358	-3.97486387719929
359	-3.97985041808203
360	-3.98469739114787
361	-3.98941211040261
362	-3.99400083839379
363	-3.99846881351147
364	-4.00282031439
365	-4.00705875394428
366	-4.01118679521674
367	-4.01520648124537
368	-4.01911937153701
369	-4.02292667838335
370	-4.02662939712598
371	-4.0302284254948
372	-4.03372466824758
373	-4.03711912446698
374	-4.04041295597313
375	-4.04360753633842
376	-4.04670448091122
377	-4.04970565903957
378	-4.05261319031782
379	-4.05542942714957
380	-4.05815692622901
381	-4.06079841169806
382	-4.06335673274928
383	-4.06583481833403
384	-4.06823563142151
385	-4.07056212495925
386	-4.07281720133399
387	-4.0750036767456
388	-4.07712425150696
389	-4.07918148689039
390	-4.08117778877063
391	-4.08311539798077
392	-4.08499638701014
393	-4.08682266243873
394	-4.08859597232552
395	-4.09031791764786
396	-4.09198996682366
397	-4.09361347233454
398	-4.09518968849974
399	-4.0967197895194
400	18.3444495080781
401	12.7502701927805
402	5.64768538306944
403	2.80791569834911
404	3.57848893116866
405	4.64087959738949
406	3.98582996164374
407	2.01181333837149
408	0.0582530313743863
409	-1.13567859477227
410	-1.71431224882451
411	-2.11861911670356
412	-2.55308276373395
413	-2.92538862881837
414	-3.07336520686427
415	-2.94506341205051
416	-2.60305645663903
417	-2.13526634889538
418	-1.59197677852936
419	-0.987327329402245
420	-0.330655386105544
421	0.354569609162978
422	1.03488768018993
423	1.67989725062817
424	2.2694128687031
425	2.79201271802018
426	3.24061986524857
427	3.61025873658154
428	3.89859438824808
429	4.10710190255565
430	4.24115853326562
431	4.30903582748437
432	4.32066487662262
433	4.28679468465983
434	4.21854157223992
435	4.12703713370929
436	4.02299760792544
437	3.91625587097309
438	3.81538015342445
439	3.72744478773078
440	3.65793370976951
441	3.61072744584122
442	3.58814418813748
443	3.59103178579463
444	3.61891349219738
445	3.67018030028532
446	3.74231276666371
447	3.83211391604822
448	3.93593964137096
449	4.04991793322736
450	4.17015042787256
451	4.29289020008827
452	4.41469049101045
453	4.53252090786786
454	4.64384996844229
455	4.74669485504798
456	4.83964059109049
457	4.92183174581805
458	4.99294046714853
459	5.05311520877107
460	5.10291487777578
461	5.14323320894418
462	5.17521798270104
463	5.20018931669737
464	5.21956074794989
465	5.23476622752749
466	5.24719549842232
467	5.25813964525939
468	5.26874792480085
469	5.27999634289873
470	5.29266786387565
471	5.30734363984463
472	5.32440424017406
473	5.34403955032811
474	5.36626579614989
475	5.39094803184719
476	5.41782640088918
477	5.44654452860504
478	5.47667852101699
479	5.50776521264507
480	5.53932851258871
481	5.57090292917963
482	5.60205359562825
483	5.63239236021865
484	5.66158973419026
485	5.68938269980275
486	5.715578563561
487	5.74005519056586
488	5.76275807281504
489	5.7836947662053
490	5.8029272788248
491	5.82056300911602
492	5.83674482000229
493	5.85164079829555
494	5.86543419237057
495	5.87831395018735
496	5.89046619926204
497	5.9020669249079
498	5.91327601736865
499	5.92423277618759
500	5.93505288449301
501	5.94582679932937
502	5.95661944849962
503	5.96747108067241
504	5.97839908415251
505	5.98940057051834
506	6.00045551159099
507	6.01153022079054
508	6.02258098142521
509	6.03355764319956
510	6.04440703246699
511	6.0550760497146
512	6.06551435774488
513	6.07567659442681
514	6.08552407333134
515	6.09502596286499
516	6.10415995873987
517	6.11291248509149
518	6.12127847585179
519	6.12926079992001
520	6.13686940127637
521	6.144120228673
522	6.15103402928361
523	6.15763507718806
524	6.16394990138072
525	6.17000606973793
526	6.17583107568995
527	6.1814513638262
528	6.18689151989043
529	6.19217364010426
530	6.19731688492243
531	6.20233721352148
532	6.20724728780947
533	6.2120565286866
534	6.21677130276551
535	6.22139521478
536	6.22592947940512
537	6.23037334605989
538	6.2347245512978
539	6.23897977541451
540	6.2431350826996
541	6.24718632810754
542	6.25112951680475
543	6.25496110685839
544	6.25867824908465
545	6.26227896161126
546	6.26576223990165
547	6.26912810573994
548	6.27237760092152
549	6.27551273309871
550	6.27853638238931
551	6.28145217798548
552	6.28426435414211
553	6.28697759463289
554	6.28959687410774
555	6.29212730384124
556	6.29457398820836
557	6.29694189693781
558	6.29923575684846
559	6.30145996543815
560	6.30361852742429
561	6.30571501417915
562	6.30775254499684
563	6.30973378829925
564	6.31166098024685
565	6.31353595777426
566	6.31536020281217
567	6.31713489437571
568	6.31886096527417
569	6.32053916040639
570	6.32217009392221
571	6.32375430292669
572	6.32529229585174
573	6.32678459409378
574	6.32823176599099
575	6.32963445266881
576	6.33099338570073
577	6.33230939689805
578	6.33358342084854
579	6.33481649106382
580	6.33600973076605
581	6.33716433944866
582	6.33828157638607
583	6.33936274225091
584	6.34040915993149
585	6.34142215553686
586	6.34240304044132
587	6.34335309506432
588	6.34427355491516
589	6.34516559926325
590	6.34603034263152
591	6.34686882915996
592	6.34768202975233
593	6.34847084180665
594	6.34923609124033
595	6.34997853645606
596	6.35069887385268
597	6.35139774446727
598	6.35207574133688
599	6.35273341718798
600	8.74487369338546
601	8.68337531661206
602	3.07269119073003
603	0.165015004018572
604	0.912446100020171
605	2.87444691096368
606	3.92564989533924
607	3.8513080575789
608	3.56209577418943
609	3.75217834435363
610	4.40464654654923
611	5.13913649654203
612	5.69270263419441
613	6.06562898581597
614	6.37709412749076
615	6.69606868261807
616	7.00145280288004
617	7.24050498486435
618	7.38755611558449
619	7.45338921130823
620	7.46157804000523
621	7.42760174595969
622	7.35639841338933
623	7.25079158371781
624	7.11789971084143
625	6.96877298761471
626	6.81458754054417
627	6.6640126263982
628	6.52315249787555
629	6.39667631373484
630	6.28850729871701
631	6.20168064650954
632	6.13792320694583
633	6.09751156632391
634	6.07949203353695
635	6.08202897090633
636	6.10267479746871
637	6.13853269622155
638	6.18638849429439
639	6.24286997513041
640	6.30462793216114
641	6.36850117871208
642	6.43163986984608
643	6.49158702466296
644	6.54633025973706
645	6.59433208748333
646	6.63453956494205
647	6.66637166327498
648	6.68968551809085
649	6.70472619041998
650	6.71206568778455
651	6.71253603800749
652	6.70715990074222
653	6.69708157776015
654	6.68350119008344
655	6.66761463390506
656	6.65056141665936
657	6.63338174042547
658	6.61698349893976
659	6.60211931222047
660	6.58937330998646
661	6.57915702190439
662	6.5717134161615
663	6.56712787252425
664	6.56534471113417
665	6.56618782899636
666	6.56938400660778
667	6.57458751759476
668	6.58140479104918
669	6.58941803116115
670	6.59820688327448
671	6.60736743846262
672	6.6165280776869
673	6.62536186043367
674	6.6335953528974
675	6.64101396107702
676	6.64746397999002
677	6.65285168830442
678	6.65713990620067
679	6.66034249294466
680	6.66251729070011
681	6.66375802493173
682	6.66418565257712
683	6.66393961077702
684	6.66316936547923
685	6.66202659494415
686	6.66065827230583
687	6.65920083786098
688	6.65777557925355
689	6.65648526927048
690	6.65541204906575
691	6.65461649118076
692	6.65413773300881
693	6.65399453805057
694	6.65418711956363
695	6.65469954867729
696	6.65550256597302
697	6.65655662084539
698	6.65781497535311
699	6.659226727291
700	-1.38316535438218
701	0.250494285601638
702	1.17437540854615
703	1.13923185109438
704	0.320895579691863
705	-0.424436493725718
706	-0.599268467082227
707	-0.323956022734654
708	0.0566494914345768
709	0.356566705524223
710	0.607001393652414
711	0.903632473898549
712	1.27652195025961
713	1.68104723961958
714	2.05783419162693
715	2.377588436327
716	2.64102881162417
717	2.85639671749515
718	3.02449102113379
719	3.13987303690826
720	3.19895449247228
721	3.20446492884245
722	3.16400237551253
723	3.08644273727402
724	2.97989443915068
725	2.85177042279422
726	2.70951929151817
727	2.56076948724855
728	2.41279915385946
729	2.27190548302651
730	2.1431015381106
731	2.03013636530471
732	1.93561759404112
733	1.86108698507206
734	1.80705422719038
735	1.77306045786803
736	1.7578085833723
737	1.75934116091976
738	1.77522665533324
739	1.80273045898026
740	1.8389682432139
741	1.88104643685404
742	1.9261898715865
743	1.97185097569884
744	2.01579466098297
745	2.05615681969667
746	2.09147796753278
747	2.12071494453006
748	2.14323339863239
749	2.15878351666097
750	2.16746178058895
751	2.16966209712295
752	2.16601995104184
753	2.1573530930498
754	2.14460185843254
755	2.12877174484913
756	2.11088044270295
757	2.09191107957439
758	2.0727729701585
759	2.0542706636148
760	2.03708159572352
761	2.02174222423051
762	2.00864216868149
763	1.99802558995746
764	1.98999882588512
765	1.98454314769763
766	1.98153141881585
767	1.98074741986622
768	1.98190664460097
769	1.9846774600505
770	1.988701649924
771	1.9936135127077
772	1.9990568553716
773	2.00469940070794
774	2.01024430225948
775	2.01543862777211
776	2.0200788238018
777	2.02401330579235
778	2.02714242642103
779	2.02941615848791
780	2.03082988660056
781	2.03141873505804
782	2.03125086936353
783	2.03042019821443
784	2.02903887473912
785	2.02722995365209
786	2.02512050853213
787	2.02283545423145
788	2.02049225697154
789	2.01819665214852
790	2.01603943003039
791	2.01409429467931
792	2.01241675335851
793	2.01104395364169
794	2.00999535417503
795	2.00927409280771
796	2.00886890243293
797	2.00875641982701
798	2.00890373519786
799	2.00927103899375
800	-6.17043680926183
801	-6.5531811095079
802	11.1894843539725
803	18.6679802977136
804	14.0383722678917
805	6.17737245864436
806	1.99246235676585
807	1.73330976570737
808	2.16301642903535
809	1.07548642175663
810	-1.30334453035814
811	-3.65864215800606
812	-5.18602854015567
813	-5.98078931439554
814	-6.4924526105313
815	-6.9654629731858
816	-7.34012813806954
817	-7.46647752366204
818	-7.29466559643373
819	-6.89232158856141
820	-6.35854043657784
821	-5.75619058370913
822	-5.10851834322226
823	-4.42951238668557
824	-3.74462932080796
825	-3.08838284110379
826	-2.49164729610275
827	-1.97400909924709
828	-1.54489156665054
829	-1.20819836076524
830	-0.96507575965295
831	-0.813808629947268
832	-0.748872737111345
833	-0.760946942621164
834	-0.838031948319656
835	-0.96683271708414
836	-1.13374029816871
837	-1.32536984613324
838	-1.52894021137592
839	-1.73269220980893
840	-1.92632406854672
841	-2.1013265434931
842	-2.2511508532375
843	-2.37122853228698
844	-2.45889731044506
845	-2.5132697088352
846	-2.53505359465414
847	-2.52632541792446
848	-2.49026527261273
849	-2.43087247056722
850	-2.35268156635314
851	-2.26049351061773
852	-2.15913087723007
853	-2.05322313502929
854	-1.94702693692397
855	-1.84428532939055
856	-1.74812775852263
857	-1.66101027470058
858	-1.58469325513924
859	-1.52025261121561
860	-1.46811965176459
861	-1.42814425573939
862	-1.39967566410395
863	-1.38165508594483
864	-1.37271449007932
865	-1.37127640263604
866	-1.37565017268504
867	-1.38412091846067
868	-1.3950281715953
869	-1.40683206403068
870	-1.4181657231853
871	-1.42787332193061
872	-1.43503393743438
873	-1.43897198142563
874	-1.43925545933512
875	-1.4356836913402
876	-1.42826638451368
877	-1.4171960860174
878	-1.40281608051887
879	-1.38558573259477
880	-1.3660451318292
881	-1.34478069147482
882	-1.32239309834691
883	-1.29946872915034
884	-1.2765553528271
885	-1.25414264444886
886	-1.23264775646558
887	-1.21240593830919
888	-1.19366597352472
889	-1.17659002033474
890	-1.16125729998973
891	-1.14767097833284
892	-1.13576752863428
893	-1.12542784515543
894	-1.11648939295136
895	-1.10875872497457
896	-1.10202376681725
897	-1.09606535633264
898	-1.09066762381698
899	-1.08562690259056
900	-1.08075896435787
901	-1.07590447398822
902	-1.07093265045605
903	-1.0657432015928
904	-1.06026666788427
905	-1.05446336351894
906	-1.0483211407818
907	-1.04185222694904
908	-1.03508939194884
909	-1.02808170159261
910	-1.02089009691044
911	-1.01358301705409
912	-1.0062322535068
913	-0.99890918912242
914	-0.991681538893991
915	-0.984610672247691
916	-0.977749560773099
917	-0.971141362063312
918	-0.964818620878596
919	-0.958803043982777
920	-0.953105785243463
921	-0.947728163155066
922	-0.942662723794431
923	-0.937894558080901
924	-0.933402782628614
925	-0.929162097847839
926	-0.925144344576222
927	-0.921319990646931
928	-0.91765949066203
929	-0.914134475090121
930	-0.910718737953499
931	-0.907389005193285
932	-0.904125477776309
933	-0.900912154314325
934	-0.897736947093635
935	-0.89459161276048
936	-0.891471524377195
937	-0.888375315155023
938	-0.885304425962864
939	-0.88226258885785
940	-0.879255277587406
941	-0.876289153515132
942	-0.873371531988117
943	-0.870509890062819
944	-0.867711432006545
945	-0.864982724341693
946	-0.862329407624618
947	-0.859755987843116
948	-0.857265706431798
949	-0.85486048456077
950	-0.852540934628458
951	-0.850306429825359
952	-0.848155221238608
953	-0.846084591214071
954	-0.844091031533992
955	-0.842170435335306
956	-0.84031829250287
957	-0.838529879431022
958	-0.836800435460183
959	-0.835125319867402
960	-0.833500144931552
961	-0.831920882223505
962	-0.830383940818838
963	-0.828886217537652
964	-0.827425120538515
965	-0.82599856860126
966	-0.824604969209065
967	-0.823243179079455
968	-0.821912451102998
969	-0.820612371743185
970	-0.819342792854614
971	-0.818103761617782
972	-0.81689545189968
973	-0.815718099863966
974	-0.814571946106266
975	-0.813457186011606
976	-0.812373929451414
977	-0.81132217038263
978	-0.810301766402761
979	-0.809312427868537
980	-0.808353715814078
981	-0.807425047613968
982	-0.806525709129843
983	-0.805654871954364
984	-0.804811614319037
985	-0.80399494425411
986	-0.80320382367021
987	-0.802437192161185
988	-0.801693989493716
989	-0.800973175939968
990	-0.800273749812996
991	-0.799594761770394
992	-0.798935325650404
993	-0.79829462578825
994	-0.797671920923069
995	-0.797066544942553
996	-0.796477904820915
997	-0.795905476184597
998	-0.795348796989747
999	-0.794807459817389
1000	-0.794281103288851
