1	0
2	0
3	0
4	0
5	0
6	0
7	0
8	0
9	0
10	0
11	0
12	0
13	0
14	0
15	0
16	0
17	0
18	0
19	0
20	0
21	0
22	0
23	0
24	0
25	0
26	0
27	0
28	0
29	0
30	0
31	0
32	0
33	0
34	0
35	0
36	0
37	0
38	0
39	0
40	0
41	0
42	0
43	0
44	0
45	0
46	0
47	0
48	0
49	0
50	0
51	0
52	0
53	0
54	0
55	0
56	0
57	0
58	0
59	0
60	0
61	0
62	0
63	0
64	0
65	0
66	0
67	0
68	0
69	0
70	0
71	0
72	0
73	0
74	0
75	0
76	0
77	0
78	0
79	0
80	0
81	0
82	0
83	0
84	0
85	0
86	0
87	0
88	0
89	0
90	0
91	0
92	0
93	0
94	0
95	0
96	0
97	0
98	0
99	0
100	0
101	0
102	0
103	0
104	0
105	0
106	0
107	0
108	0
109	0
110	0
111	0
112	0
113	0
114	0
115	0
116	0
117	0
118	0
119	0
120	0
121	0
122	0
123	0
124	0
125	0
126	0
127	0
128	0
129	0
130	0
131	0
132	0
133	0
134	0
135	0
136	0
137	0
138	0
139	0
140	0
141	0
142	0
143	0
144	0
145	0
146	0
147	0
148	0
149	0
150	0
151	0
152	0
153	0
154	0
155	0
156	0
157	0
158	0
159	0
160	0
161	0
162	0
163	0
164	0
165	0
166	0
167	0
168	0
169	0
170	0
171	0
172	0
173	0
174	0
175	0
176	0
177	0
178	0
179	0
180	0
181	0
182	0
183	0
184	0
185	0
186	0
187	0
188	0
189	0
190	0
191	0
192	0
193	0
194	0
195	0
196	0
197	0
198	0
199	0
200	0
201	0
202	2.42213434817101
203	4.71962472237428
204	5.72588251908707
205	5.98268865031125
206	6.48859303490185
207	7.49718763242397
208	8.64733828731319
209	9.56393545751488
210	10.1743756712029
211	10.6177286358674
212	11.0247228186647
213	11.4164362724747
214	11.7470690617111
215	11.9829203202767
216	12.1330023990989
217	12.2292756315277
218	12.2976992552341
219	12.3485366894313
220	12.3841351728013
221	12.4087057870688
222	12.4307095698949
223	12.4593825542029
224	12.5011424681965
225	12.5589234973323
226	12.6335723506418
227	12.7251893568418
228	12.8334334776022
229	12.957193116334
230	13.0943739042949
231	13.242092019959
232	13.3970788962181
233	13.5560156585255
234	13.715701358133
235	13.8731279854144
236	14.0255556455772
237	14.1706112807929
238	14.306378780315
239	14.4314477203368
240	14.5449164983525
241	14.6463657124037
242	14.7358172644684
243	14.8136847272269
244	14.8807142999359
245	14.9379165785793
246	14.9864929667404
247	15.0277622444238
248	15.0630917695433
249	15.0938358116774
250	15.1212822503806
251	15.1466085237256
252	15.1708476280292
253	15.1948646224942
254	15.2193434823368
255	15.2447835473127
256	15.2715044224554
257	15.2996579986317
258	15.3292461725066
259	15.3601427930681
260	15.3921183465328
261	15.4248659401251
262	15.4580272662509
263	15.4912174042483
264	15.5240475209657
265	15.5561447451815
266	15.587168705382
267	15.6168244303018
268	15.6448715101409
269	15.6711295953539
270	15.6954804624332
271	15.7178669982212
272	15.7382895448534
273	15.7568001070324
274	15.7734949534611
275	15.7885061471995
276	15.8019925186106
277	15.8141305533733
278	15.8251056112191
279	15.8351038231675
280	15.8443049405169
281	15.8528763318041
282	15.8609682480823
283	15.8687104053759
284	15.8762098686628
285	15.8835501661732
286	15.8907915174851
287	15.8979720245376
288	15.9051096513721
289	15.9122048057837
290	15.9192433332991
291	15.9261997398636
292	15.9330404729383
293	15.9397271098427
294	15.9462193255508
295	15.9524775381761
296	15.9584651575793
297	15.9641503895484
298	15.9695075736669
299	15.9745180563384
300	15.9791706207411
301	15.9834615122327
302	15.9873941106392
303	15.9909783098425
304	15.9942296702627
305	15.9971684114381
306	15.9998183103556
307	16.0022055669225
308	16.0043576915496
309	16.0063024617867
310	16.0080669858774
311	16.0096769015135
312	16.0111557284602
313	16.0125243845219
314	16.0138008658678
315	16.0150000853334
316	16.0161338561285
317	16.017211003551
318	16.0182375838584
319	16.0192171873633
320	16.020151302014
321	16.0210397140701
322	16.021880923817
323	16.0226725564042
324	16.0234117506394
325	16.0240955117245
326	16.0247210172893
327	16.0252858694903
328	16.025788289235
329	16.0262272516418
330	16.0266025645401
331	16.0269148940928
332	16.0271657434238
333	16.027357391447
334	16.0274927999227
335	16.0275754971339
336	16.027609446525
337	16.0275989082379
338	16.0275483007671
339	16.0274620690222
340	16.0273445639908
341	16.0271999380106
342	16.0270320584514
343	16.0268444414294
344	16.0266402060777
345	16.0264220489152
346	16.0261922370216
347	16.0259526180544
348	16.0257046446458
349	16.025449410391
350	16.0251876944795
351	16.0249200120105
352	16.0246466671565
353	16.0243678065694
354	16.024083470745
355	16.0237936414358
356	16.0234982836182
357	16.0231973809487
358	16.0228909640613
359	16.0225791314563
360	16.0222620630833
361	16.021940027031
362	16.0216133799807
363	16.0212825622726
364	16.0209480885579
365	16.0206105350783
366	16.0202705246275
367	16.0199287102145
368	16.0195857583722
369	16.019242332948
370	16.0188990800826
371	16.0185566149378
372	16.0182155105834
373	16.0178762893032
374	16.017539416438
375	16.0172052967548
376	16.0168742732196
377	16.0165466279576
378	16.0162225851157
379	16.0159023152923
380	16.0155859411709
381	16.0152735439868
382	16.0149651704642
383	16.0146608398876
384	16.0143605510029
385	16.0140642884936
386	16.0137720288247
387	16.0134837452998
388	16.0131994122333
389	16.0129190081865
390	16.0126425182662
391	16.0123699355226
392	16.0121012615204
393	16.0118365061794
394	16.0115756870041
395	16.0113188278287
396	16.0110659572121
397	16.0108171066118
398	16.0105723084608
399	16.0103315942568
400	16.0100949927608
401	16.0098625283809
402	16.5704852399478
403	16.6461976022282
404	15.8214093803243
405	14.724273413286
406	13.9168968150556
407	13.4636968322689
408	13.1347826973139
409	12.7493084411969
410	12.3047485260183
411	11.8910772944808
412	11.5688943379329
413	11.3316754562102
414	11.1421126510717
415	10.975449341369
416	10.8302222168734
417	10.7138027812309
418	10.6275569849671
419	10.5644111141888
420	10.5148467455536
421	10.4722434099985
422	10.4335232769986
423	10.3969707220127
424	10.3605068932767
425	10.3216609766516
426	10.2784170873916
427	10.2297690936859
428	10.1756228784853
429	10.1163972686695
430	10.0527426547705
431	9.98548349423158
432	9.91564842959245
433	9.84444736065104
434	9.77317332694801
435	9.70308757312383
436	9.63533956309308
437	9.57092823811843
438	9.51068331403334
439	9.45524945570199
440	9.40507222133814
441	9.36039292921774
442	9.32125671517759
443	9.28753175494236
444	9.25893474961694
445	9.23505896574381
446	9.21540337443491
447	9.19940240877061
448	9.18645550065099
449	9.17595499527221
450	9.16731103872466
451	9.15997252219206
452	9.15344370268255
453	9.14729643621314
454	9.14117809006446
455	9.13481529818172
456	9.12801386669747
457	9.12065529771586
458	9.11269051987623
459	9.10413146828152
460	9.09504115825705
461	9.08552287181767
462	9.07570903534045
463	9.06575031166939
464	9.05580535752216
465	9.04603161055202
466	9.03657737703367
467	9.0275753982333
468	9.01913798585925
469	9.0113537370798
470	9.00428576915348
471	8.99797135444835
472	8.99242279000392
473	8.98762930254501
474	8.98355976980124
475	8.98016603120894
476	8.97738656424893
477	8.97515031525609
478	8.97338049381071
479	8.97199816594333
480	8.97092551145562
481	8.97008864283042
482	8.96941991577483
483	8.9688596929234
484	8.96835755137857
485	8.96787295059874
486	8.96737539894277
487	8.96684417449498
488	8.96626766843438
489	8.96564242721569
490	8.96497197343847
491	8.96426548489694
492	8.963536407455
493	8.96280107069015
494	8.96207736635855
495	8.96138353932289
496	8.96073712931066
497	8.96015409034023
498	8.95964810340869
499	8.95923008753833
500	8.95890790489646
501	8.95868624770761
502	8.95856668824465
503	8.9585478683999
504	8.95862580219977
505	8.95879426306546
506	8.95904522750434
507	8.95936934806377
508	8.95975643057786
509	8.9601958937573
510	8.96067719277484
511	8.96119019244969
512	8.96172547971534
513	8.96227460906953
514	8.96283027848343
515	8.96338643665383
516	8.96393832541279
517	8.96448246349726
518	8.96501657968846
519	8.9655395045535
520	8.96605103067935
521	8.96655175142594
522	8.96704288790074
523	8.96752611314561
524	8.96800338150822
525	8.96847676992987
526	8.96894833650189
527	8.96942000020257
528	8.96989344429757
529	8.97037004453036
530	8.97085082199604
531	8.97133641952104
532	8.97182709948854
533	8.97232276037086
534	8.97282296875841
535	8.9733270034053
536	8.97383390773021
537	8.97434254729659
538	8.97485166902495
539	8.9753599592317
540	8.97586609801629
541	8.97636880799908
542	8.97686689592091
543	8.97735928612357
544	8.97784504541723
545	8.97832339928722
546	8.97879373978342
547	8.97925562576175
548	8.97970877640156
549	8.98015305910377
550	8.98058847298376
551	8.98101512921438
552	8.98143322945491
553	8.98184304353023
554	8.98224488741046
555	8.9826391023955
556	8.98302603624141
557	8.98340602678751
558	8.98377938846213
559	8.98414640187116
560	8.98450730651252
561	8.98486229651711
562	8.98521151919735
563	8.98555507608917
564	8.98589302610459
565	8.98622539036863
566	8.98655215829541
567	8.98687329446136
568	8.98718874585548
569	8.9874984491247
570	8.98780233748187
571	8.98810034700242
572	8.98839242209803
573	8.98867852002002
574	8.98895861430745
575	8.98923269715269
576	8.98950078070957
577	8.98976289741274
578	8.99001909941269
579	8.99026945725675
580	8.99051405796378
581	8.99075300264833
582	8.99098640385062
583	8.99121438272209
584	8.99143706620369
585	8.99165458431752
586	8.99186706767211
587	8.99207464525972
588	8.99227744260163
589	8.99247558027475
590	8.99266917283259
591	8.99285832811428
592	8.99304314691956
593	8.99322372301443
594	8.99340014342243
595	8.99357248894952
596	8.99374083488749
597	8.99390525183988
598	8.99406580661634
599	8.99422256314562
600	8.99437558336277
601	8.99452492803339
602	9.60015528415765
603	10.0821167195231
604	9.88430925950025
605	9.36029906316666
606	9.0020251622888
607	8.94822114952877
608	9.04103822133786
609	9.10074535320402
610	9.08167120467927
611	9.03877487502538
612	9.02721726439774
613	9.05241587436332
614	9.08731389408364
615	9.10894949057529
616	9.11404960473986
617	9.11095175356568
618	9.10631580621993
619	9.10026808751632
620	9.08977393568847
621	9.0732456374348
622	9.05183766819687
623	9.02792153865735
624	9.00335641462243
625	8.9790499711376
626	8.95548928050917
627	8.93327777409045
628	8.91319805514696
629	8.8959655149232
630	8.8820233965739
631	8.87152881288064
632	8.86445181537287
633	8.86065930349324
634	8.85993636075859
635	8.86197664607575
636	8.86638547178127
637	8.87270753139682
638	8.88046426135751
639	8.88918395015754
640	8.89842020258984
641	8.90776380183385
642	8.91685318797407
643	8.92538431658518
644	8.93311776599769
645	8.93988141339842
646	8.94556887040933
647	8.95013497530963
648	8.9535894978418
649	8.95598959989552
650	8.95743127268306
651	8.95804005697804
652	8.9579615467687
653	8.95735222194003
654	8.95637103674179
655	8.95517203003608
656	8.95389811336553
657	8.95267613724217
658	8.95161329331366
659	8.95079485330285
660	8.95028317964684
661	8.95011788566577
662	8.95031698531618
663	8.95087885231894
664	8.95178479913124
665	8.95300208390143
666	8.95448715806802
667	8.9561889794917
668	8.95805223537222
669	8.96002034359997
670	8.96203812820242
671	8.96405409234356
672	8.96602223974594
673	8.96790342152215
674	8.96966620932875
675	8.97128731664797
676	8.97275160723597
677	8.97405174303195
678	8.97518753305102
679	8.97616505012398
680	8.97699558406853
681	8.97769449835324
682	8.97828005302048
683	8.97877225010816
684	8.97919174963207
685	8.97955889493602
686	8.97989287643303
687	8.98021105294557
688	8.98052844044259
689	8.98085736932964
690	8.98120730385975
691	8.98158481089856
692	8.98199366031562
693	8.98243503572982
694	8.98290783218468
695	8.983409016486
696	8.98393402627121
697	8.98447718522932
698	8.98503211406538
699	8.98559211960083
700	8.98615054761886
701	8.98670108850554
702	8.55268293833121
703	8.33928885107498
704	8.3792342209296
705	8.50147965052171
706	8.57158829729959
707	8.57862680051378
708	8.58074631181874
709	8.61979381080462
710	8.69179680834291
711	8.77055176429752
712	8.83827164894563
713	8.89419471752173
714	8.94496199854737
715	8.99392521228926
716	9.03888999450162
717	9.07599097475907
718	9.10338916206792
719	9.12175459712219
720	9.1326891765789
721	9.13738819357358
722	9.13649214844057
723	9.13060893084748
724	9.12068447636415
725	9.107938600763
726	9.09359251701526
727	9.07868247859874
728	9.06404241970386
729	9.05036311789694
730	9.03822474391152
731	9.02808040313958
732	9.02022707294074
733	9.01479864281331
734	9.01178491098765
735	9.01106061935812
736	9.01241092874155
737	9.0155512349426
738	9.02014576792107
739	9.02582808170912
740	9.0322224876546
741	9.03896359781409
742	9.04571208099795
743	9.05216645826911
744	9.05807159014509
745	9.06322432781505
746	9.06747638828748
747	9.07073443293774
748	9.07295756515607
749	9.07415272080092
750	9.07436851655509
751	9.07368807010708
752	9.07222122493079
753	9.07009656660641
754	9.06745359681656
755	9.06443539878971
756	9.061182068064
757	9.05782510584903
758	9.05448289710074
759	9.05125733087107
760	9.04823156572284
761	9.04546889459927
762	9.04301262094807
763	9.04088682331584
764	9.03909786119809
765	9.037636461002
766	9.03648021637513
767	9.03559634029995
768	9.03494451595985
769	9.03447970838447
770	9.03415481813251
771	9.03392308042019
772	9.03374013672861
773	9.03356572972086
774	9.03336499518699
775	9.03310934584637
776	9.03277696049199
777	9.03235290765131
778	9.03182894533834
779	9.03120304744635
780	9.03047871292142
781	9.02966411625402
782	9.02877115733395
783	9.02781446572419
784	9.02681040937071
785	9.02577615116218
786	9.02472878907727
787	9.02368460738405
788	9.02265845792939
789	9.0216632823659
790	9.02070977854246
791	9.01980620749539
792	9.01895833171335
793	9.01816947073524
794	9.01744065673161
795	9.01677087051456
796	9.01615733736134
797	9.01559586202338
798	9.01508118319219
799	9.01460732935026
800	9.01416796017814
801	9.01375668034497
802	6.15719427647227
803	3.9888979847373
804	4.21718605582029
805	5.48747638262546
806	6.17004846661063
807	5.89827757137703
808	5.25535878348212
809	4.82576082043558
810	4.71729230706429
811	4.71803828400747
812	4.64081575253947
813	4.47344123830325
814	4.30563402520476
815	4.20503467909469
816	4.17172985568554
817	4.17062131071746
818	4.17612102887345
819	4.1859009854705
820	4.20784141860847
821	4.24468457548681
822	4.29060928747602
823	4.33685694939326
824	4.37734899795373
825	4.40970968485092
826	4.43319886215052
827	4.44686396500948
828	4.44935945708812
829	4.43973743691584
830	4.41802260155135
831	4.38513713391593
832	4.34248841371727
833	4.29165124794176
834	4.23427925233163
835	4.17212214616025
836	4.10700291784416
837	4.04072262395158
838	3.97494704402881
839	3.91112898459731
840	3.85047556430015
841	3.79393980014528
842	3.74221763397156
843	3.69574736232917
844	3.65471767034062
845	3.61908838751023
846	3.58862188420489
847	3.56291987854397
848	3.5414614617672
849	3.52364051658172
850	3.50880190959986
851	3.496275653364
852	3.48540773701317
853	3.47558633926215
854	3.46626265270037
855	3.45696613244694
856	3.44731434263351
857	3.43701772582469
858	3.42587971431087
859	3.41379272754132
860	3.40073073863859
861	3.38673918810676
862	3.37192304758557
863	3.35643380453922
864	3.34045607685497
865	3.32419449013387
866	3.30786136213377
867	3.29166563722088
868	3.27580340211657
869	3.2604502003045
870	3.2457552539
871	3.23183760356242
872	3.218784091549
873	3.20664904156405
874	3.19545543275359
875	3.1851973248413
876	3.17584326703893
877	3.16734041409389
878	3.15961907703538
879	3.15259745183508
880	3.14618629413629
881	3.14029334017985
882	3.13482731078875
883	3.12970137454057
884	3.12483598598098
885	3.12016105308981
886	3.11561742368186
887	3.11115771181743
888	3.10674651175023
889	3.10236006791684
890	3.09798548474213
891	3.09361956965331
892	3.08926740695959
893	3.08494075966072
894	3.08065639144422
895	3.07643439286786
896	3.07229658480749
897	3.06826505950168
898	3.06436090574159
899	3.06060315067729
900	3.05700793700035
901	3.05358794147542
902	3.05035202937693
903	3.04730512967067
904	3.04444830797477
905	3.04177900854181
906	3.03929143272101
907	3.03697701949783
908	3.03482499360387
909	3.03282294812241
910	3.03095743122588
911	3.02921451038557
912	3.02758029180336
913	3.02604137764214
914	3.02458524861214
915	3.02320056436284
916	3.02187737873131
917	3.02060727104031
918	3.01938339820029
919	3.01820047526447
920	3.01705469427375
921	3.01594359270105
922	3.01486588359026
923	3.01382125963529
924	3.0128101830353
925	3.01183367208213
926	3.01089309418428
927	3.0099899735116
928	3.00912581975726
929	3.00830198275486
930	3.00751953594509
931	3.00677919003338
932	3.00608123667918
933	3.00542552075532
934	3.0048114386445
935	3.00423795921748
936	3.00370366356825
937	3.00320679925788
938	3.00274534472462
939	3.00231707962679
940	3.00191965716735
941	3.00155067486949
942	3.00120774079522
943	3.00088853278751
944	3.00059084893658
945	3.00031264809122
946	3.00005207982881
947	2.99980750384101
948	2.99957749916692
949	2.99936086410156
950	2.99915660791534
951	2.99896393573905
952	2.99878222809979
953	2.99861101664126
954	2.99844995753697
955	2.99829880401504
956	2.99815737927384
957	2.99802555088803
958	2.99790320760036
959	2.99779023917615
960	2.99768651977732
961	2.99759189510051
962	2.99750617332785
963	2.9974291197657
964	2.99736045490118
965	2.9972998554914
966	2.9972469582165
967	2.99720136537601
968	2.99716265208514
969	2.99713037443235
970	2.99710407808672
971	2.99708330689043
972	2.99706761103287
973	2.99705655447362
974	2.99704972135851
975	2.99704672125097
976	2.99704719307684
977	2.99705080775141
978	2.99705726952068
979	2.99706631610224
980	2.99707771775386
981	2.99709127543005
982	2.99710681820689
983	2.99712420016565
984	2.99714329692596
985	2.99716400201084
986	2.99718622321094
987	2.99720987909411
988	2.99723489578249
989	2.9972612040919
990	2.99728873710106
991	2.99731742819091
992	2.99734720956893
993	2.9973780112705
994	2.99740976060975
995	2.99744238203651
996	2.99747579734383
997	2.99750992616276
998	2.99754468667682
999	2.99757999648778
1000	2.99761577356699
