1	0
2	0
3	0
4	0
5	0
6	-0.00120000000000005
7	-0.00120000000000005
8	-0.00120000000000005
9	-0.00120000000000005
10	-0.00120000000000005
11	-0.00120000000000005
12	-0.00240000000000002
13	-0.00240000000000002
14	-0.00120000000000005
15	-0.00120000000000005
16	0
17	0
18	0.00259999999999998
19	0.00259999999999998
20	0.00619999999999997
21	0.00619999999999997
22	0.00999999999999993
23	0.00999999999999993
24	0.0149999999999999
25	0.0149999999999999
26	0.0176
27	0.0176
28	0.0226
29	0.0226
30	0.0276
31	0.0276
32	0.0338
33	0.0338
34	0.0388
35	0.0388
36	0.0449999999999999
37	0.0449999999999999
38	0.0512
39	0.0512
40	0.0549999999999999
41	0.0549999999999999
42	0.0612
43	0.0612
44	0.0676
45	0.0676
46	0.0738
47	0.0738
48	0.0788
49	0.0788
50	0.0838
51	0.0838
52	0.0888
53	0.0888
54	0.0912
55	0.0912
56	0.0962
57	0.0962
58	0.1026
59	0.1026
60	0.1076
61	0.1076
62	0.1126
63	0.1126
64	0.1176
65	0.1176
66	0.1226
67	0.1226
68	0.125
69	0.125
70	0.1288
71	0.1288
72	0.1326
73	0.1326
74	0.1362
75	0.1362
76	0.1412
77	0.1412
78	0.1462
79	0.1462
80	0.1488
81	0.1488
82	0.15
83	0.15
84	0.1526
85	0.1526
86	0.155
87	0.155
88	0.1588
89	0.1588
90	0.1612
91	0.1612
92	0.165
93	0.165
94	0.1676
95	0.1676
96	0.17
97	0.17
98	0.1738
99	0.1738
100	0.1776
101	0.1776
102	0.18
103	0.18
104	0.1826
105	0.1826
106	0.185
107	0.185
108	0.1876
109	0.1876
110	0.1888
111	0.1888
112	0.19
113	0.19
114	0.1926
115	0.1926
116	0.195
117	0.195
118	0.1976
119	0.1976
120	0.1988
121	0.1988
122	0.2012
123	0.2012
124	0.2026
125	0.2026
126	0.2038
127	0.2038
128	0.205
129	0.205
130	0.2062
131	0.2062
132	0.2088
133	0.2088
134	0.21
135	0.21
136	0.2112
137	0.2112
138	0.2126
139	0.2126
140	0.2138
141	0.2138
142	0.2138
143	0.2138
144	0.215
145	0.215
146	0.2162
147	0.2162
148	0.2188
149	0.2188
150	0.22
151	0.22
152	0.2212
153	0.2212
154	0.2238
155	0.2238
156	0.225
157	0.225
158	0.2262
159	0.2262
160	0.2288
161	0.2288
162	0.2288
163	0.2288
164	0.2312
165	0.2312
166	0.2312
167	0.2312
168	0.2326
169	0.2326
170	0.2338
171	0.2338
172	0.2338
173	0.2338
174	0.2362
175	0.2362
176	0.2376
177	0.2376
178	0.2376
179	0.2376
180	0.2376
181	0.2376
182	0.2376
183	0.2376
184	0.2376
185	0.2376
186	0.2376
187	0.2376
188	0.2376
189	0.2376
190	0.24
191	0.24
192	0.2412
193	0.2412
194	0.2426
195	0.2426
196	0.2438
197	0.2438
198	0.245
199	0.245
200	0.245
201	0.245
202	0.245
203	0.245
204	0.2462
205	0.2462
206	0.2476
207	0.2476
208	0.2462
209	0.2462
210	0.2462
211	0.2462
212	0.2462
213	0.2462
214	0.2462
215	0.2462
216	0.2462
217	0.2462
218	0.2476
219	0.2476
220	0.2488
221	0.2488
222	0.2488
223	0.2488
224	0.25
225	0.25
226	0.25
227	0.25
228	0.2488
229	0.2488
230	0.2488
231	0.2488
232	0.2488
233	0.2488
234	0.2488
235	0.2488
236	0.2476
237	0.2476
238	0.2476
239	0.2476
240	0.2476
241	0.2476
242	0.2476
243	0.2476
244	0.2476
245	0.2476
246	0.2476
247	0.2476
248	0.2476
249	0.2476
250	0.2476
251	0.2476
252	0.25
253	0.25
254	0.25
255	0.25
256	0.2526
257	0.2526
258	0.2526
259	0.2526
260	0.2538
261	0.2538
262	0.2538
263	0.2538
264	0.255
265	0.255
266	0.255
267	0.255
268	0.255
269	0.255
270	0.255
271	0.255
272	0.2562
273	0.2562
274	0.2576
275	0.2576
276	0.2576
277	0.2576
278	0.2588
279	0.2588
280	0.26
281	0.26
282	0.2612
283	0.2612
284	0.2612
285	0.2612
286	0.2612
287	0.2612
288	0.2612
289	0.2612
290	0.2612
291	0.2612
292	0.2612
293	0.2612
294	0.2612
295	0.2612
296	0.2612
297	0.2612
298	0.2612
299	0.2612
300	0.2626
301	0.2626
302	0.2638
303	0.2638
304	0.2638
305	0.2638
306	0.265
307	0.265
308	0.265
309	0.265
310	0.265
311	0.265
312	0.265
313	0.265
314	0.2662
315	0.2662
316	0.265
317	0.265
318	0.2638
319	0.2638
320	0.2626
321	0.2626
322	0.2612
323	0.2612
324	0.26
325	0.26
326	0.26
327	0.26
328	0.2588
329	0.2588
330	0.2588
331	0.2588
332	0.2576
333	0.2576
334	0.2576
335	0.2576
336	0.2562
337	0.2562
338	0.2562
339	0.2562
340	0.2562
341	0.2562
342	0.2576
343	0.2576
344	0.2588
345	0.2588
346	0.2612
347	0.2612
348	0.2612
349	0.2612
350	0.2626
351	0.2626
352	0.2626
353	0.2626
354	0.2626
355	0.2626
356	0.2612
357	0.2612
358	0.2626
359	0.2626
360	0.2638
361	0.2638
362	0.2638
363	0.2638
364	0.2638
365	0.2638
366	0.265
367	0.265
368	0.2662
369	0.2662
370	0.2662
371	0.2662
372	0.2676
373	0.2676
374	0.2676
375	0.2676
376	0.2688
377	0.2688
378	0.2688
379	0.2688
380	0.2676
381	0.2676
382	0.2676
383	0.2676
384	0.2662
385	0.2662
386	0.265
387	0.265
388	0.2626
389	0.2626
390	0.2626
391	0.2626
392	0.2612
393	0.2612
394	0.2612
395	0.2612
396	0.2638
397	0.2638
398	0.2638
399	0.2638
400	0.2638
401	0.2638
402	0.265
403	0.265
404	0.265
405	0.265
406	0.2662
407	0.2662
408	0.2662
409	0.2662
410	0.265
411	0.265
412	0.2662
413	0.2662
414	0.2662
415	0.2662
416	0.265
417	0.265
418	0.265
419	0.265
420	0.265
421	0.265
422	0.265
