1	0
2	0
3	0
4	0
5	0
6	0
7	0
8	0
9	0
10	0
11	0
12	0
13	0
14	0.0011999999999999
15	0.0011999999999999
16	0.00239999999999995
17	0.00239999999999995
18	0.005
19	0.005
20	0.00879999999999995
21	0.00879999999999995
22	0.01
23	0.01
24	0.0138
25	0.0138
26	0.02
27	0.02
28	0.025
29	0.025
30	0.0311999999999999
31	0.0311999999999999
32	0.0373999999999999
33	0.0373999999999999
34	0.0438
35	0.0438
36	0.0473999999999999
37	0.0473999999999999
38	0.0538
39	0.0538
40	0.06
41	0.06
42	0.0661999999999999
43	0.0661999999999999
44	0.0724
45	0.0724
46	0.08
47	0.08
48	0.0861999999999999
49	0.0861999999999999
50	0.0887999999999999
51	0.0887999999999999
52	0.095
53	0.095
54	0.1
55	0.1
56	0.1074
57	0.1074
58	0.1124
59	0.1124
60	0.1174
61	0.1174
62	0.1238
63	0.1238
64	0.1262
65	0.1262
66	0.1312
67	0.1312
68	0.1362
69	0.1362
70	0.1412
71	0.1412
72	0.1462
73	0.1462
74	0.1512
75	0.1512
76	0.155
77	0.155
78	0.1574
79	0.1574
80	0.1624
81	0.1624
82	0.1662
83	0.1662
84	0.17
85	0.17
86	0.1738
87	0.1738
88	0.1774
89	0.1774
90	0.1812
91	0.1812
92	0.1838
93	0.1838
94	0.1862
95	0.1862
96	0.19
97	0.19
98	0.1924
99	0.1924
100	0.1962
101	0.1962
102	0.2
103	0.2
104	0.2024
105	0.2024
106	0.2038
107	0.2038
108	0.2062
109	0.2062
110	0.2088
111	0.2088
112	0.2112
113	0.2112
114	0.2138
115	0.2138
116	0.2162
117	0.2162
118	0.2188
119	0.2188
120	0.2188
121	0.2188
122	0.2212
123	0.2212
124	0.2238
125	0.2238
126	0.225
127	0.225
128	0.2274
129	0.2274
130	0.23
131	0.23
132	0.2312
133	0.2312
134	0.2324
135	0.2324
136	0.2338
137	0.2338
138	0.2362
139	0.2362
140	0.2374
141	0.2374
142	0.2388
143	0.2388
144	0.2412
145	0.2412
146	0.2424
147	0.2424
148	0.2438
149	0.2438
150	0.245
151	0.245
152	0.2462
153	0.2462
154	0.2462
155	0.2462
156	0.2474
157	0.2474
158	0.2488
159	0.2488
160	0.25
161	0.25
162	0.2512
163	0.2512
164	0.2512
165	0.2512
166	0.2538
167	0.2538
168	0.255
169	0.255
170	0.2562
171	0.2562
172	0.2574
173	0.2574
174	0.2588
175	0.2588
176	0.2588
177	0.2588
178	0.26
179	0.26
180	0.2612
181	0.2612
182	0.2612
183	0.2612
184	0.2624
185	0.2624
186	0.2638
187	0.2638
188	0.265
189	0.265
190	0.2662
191	0.2662
192	0.2662
193	0.2662
194	0.2674
195	0.2674
196	0.2688
197	0.2688
198	0.2688
199	0.2688
200	0.27
201	0.27
202	0.27
203	0.27
204	0.2712
205	0.2712
206	0.2712
207	0.2712
208	0.2724
209	0.2724
210	0.2724
211	0.2724
212	0.2724
213	0.2724
214	0.2738
215	0.2738
216	0.275
217	0.275
218	0.275
219	0.275
220	0.275
221	0.275
222	0.2762
223	0.2762
224	0.2774
225	0.2774
226	0.2774
227	0.2774
228	0.2774
229	0.2774
230	0.2774
231	0.2774
232	0.2788
233	0.2788
234	0.2788
235	0.2788
236	0.28
237	0.28
238	0.28
239	0.28
240	0.2812
241	0.2812
242	0.2812
243	0.2812
244	0.2812
245	0.2812
246	0.2812
247	0.2812
248	0.2812
249	0.2812
250	0.2824
251	0.2824
252	0.2824
253	0.2824
254	0.2824
255	0.2824
256	0.2824
257	0.2824
258	0.2824
259	0.2824
260	0.2824
261	0.2824
262	0.2824
263	0.2824
264	0.2824
265	0.2824
266	0.2824
267	0.2824
268	0.2824
269	0.2824
270	0.2838
271	0.2838
272	0.2838
273	0.2838
274	0.2838
275	0.2838
276	0.2838
277	0.2838
278	0.2838
279	0.2838
280	0.285
281	0.285
282	0.285
283	0.285
284	0.2838
285	0.2838
286	0.285
287	0.285
288	0.285
289	0.285
290	0.285
291	0.285
292	0.285
293	0.285
294	0.285
295	0.285
296	0.2862
297	0.2862
298	0.2862
299	0.2862
300	0.2874
301	0.2874
302	0.2874
303	0.2874
304	0.2874
305	0.2874
306	0.2874
307	0.2874
308	0.2888
309	0.2888
310	0.2888
311	0.2888
312	0.2888
313	0.2888
314	0.2888
315	0.2888
316	0.2888
317	0.2888
318	0.2888
319	0.2888
320	0.2888
321	0.2888
322	0.2888
323	0.2888
324	0.2888
325	0.2888
326	0.29
327	0.29
328	0.2912
329	0.2912
330	0.2912
331	0.2912
332	0.2912
333	0.2912
334	0.2912
335	0.2912
336	0.2912
337	0.2912
338	0.2912
339	0.2912
340	0.2924
341	0.2924
342	0.2938
343	0.2938
344	0.2938
345	0.2938
346	0.2938
347	0.2938
348	0.2938
349	0.2938
350	0.295
351	0.295
352	0.295
353	0.295
354	0.295
355	0.295
356	0.295
357	0.295
358	0.295
359	0.295
360	0.295
361	0.295
362	0.295
363	0.295
364	0.295
365	0.295
366	0.295
367	0.295
368	0.295
369	0.295
370	0.295
371	0.295
372	0.295
373	0.295
374	0.295
375	0.295
376	0.2938
377	0.2938
378	0.2938
379	0.2938
380	0.2938
381	0.2938
382	0.2938
383	0.2938
384	0.2938
385	0.2938
386	0.2938
387	0.2938
388	0.2938
389	0.2938
390	0.2924
391	0.2924
392	0.2924
393	0.2924
394	0.2938
395	0.2938
396	0.2938
397	0.2938
398	0.2938
399	0.2938
400	0.295
401	0.295
402	0.2938
403	0.2938
404	0.295
405	0.295
406	0.295
407	0.295
408	0.2962
409	0.2962
410	0.2962
411	0.2962
412	0.2962
413	0.2962
414	0.2962
415	0.2962
416	0.2962
417	0.2962
418	0.2962
419	0.2962
420	0.2962
421	0.2962
422	0.2962
