1	0
2	0
3	0
4	0
5	0
6	0
7	0
8	0
9	0
10	0
11	0
12	0
13	0
14	0
15	0
16	0
17	0
18	0
19	0
20	0
21	0
22	0
23	0
24	0
25	0
26	0
27	0
28	0
29	0
30	0
31	0
32	0
33	0
34	0
35	0
36	0
37	0
38	0
39	0
40	0
41	0
42	0
43	0
44	0
45	0
46	0
47	0
48	0
49	0
50	0
51	0
52	0
53	0
54	0
55	0
56	0
57	0
58	0
59	0
60	0
61	0
62	0
63	0
64	0
65	0
66	0
67	0
68	0
69	0
70	0
71	0
72	0
73	0
74	0
75	0
76	0
77	0
78	0
79	0
80	0
81	0
82	0
83	0
84	0
85	0
86	0
87	0
88	0
89	0
90	0
91	0
92	0
93	0
94	0
95	0
96	0
97	0
98	0
99	0
100	0
101	0
102	0
103	0
104	0
105	0
106	0
107	0
108	0
109	0
110	0
111	0
112	0
113	0
114	0
115	0
116	0
117	0
118	0
119	0
120	0
121	0
122	0
123	0
124	0
125	0
126	0
127	0
128	0
129	0
130	0
131	0
132	0
133	0
134	0
135	0
136	0
137	0
138	0
139	0
140	0
141	0
142	0
143	0
144	0
145	0
146	0
147	0
148	0
149	0
150	0
151	0
152	0
153	0
154	0
155	0
156	0
157	0
158	0
159	0
160	0
161	0
162	0
163	0
164	0
165	0
166	0
167	0
168	0
169	0
170	0
171	0
172	0
173	0
174	0
175	0
176	0
177	0
178	0
179	0
180	0
181	0
182	0
183	0
184	0
185	0
186	0
187	0
188	0
189	0
190	0
191	0
192	0
193	0
194	0
195	0
196	0
197	0
198	0
199	0
200	0
201	0
202	0
203	0
204	0
205	0
206	0
207	0.35664114814489
208	0.777690459136039
209	1.12557706385311
210	1.36014240266809
211	1.4915289388281
212	1.54851142822865
213	1.64561341871515
214	1.75172616973082
215	1.81898386658185
216	1.82705160830456
217	1.78390660770275
218	1.71190399029013
219	1.65448654441715
220	1.61896465424635
221	1.59181023377536
222	1.56053948931438
223	1.52280514104216
224	1.48447715801043
225	1.45848142020293
226	1.44903157516533
227	1.45074005568283
228	1.45573180157194
229	1.45937352061801
230	1.46144347402366
231	1.46529585926483
232	1.47291197031778
233	1.48294487835554
234	1.49238409037665
235	1.49900968814559
236	1.50250919406908
237	1.50429263125122
238	1.50582897370165
239	1.50747127676797
240	1.50862627342593
241	1.50863381969423
242	1.50741626275827
243	1.50556764397111
244	1.50383578950007
245	1.50258973851506
246	1.5017273219398
247	1.5009576288186
248	1.50011844689122
249	1.49929967539149
250	1.49871187533316
251	1.49847596378858
252	1.49853457081588
253	1.49872450382361
254	1.49890769859773
255	1.49904937164491
256	1.49919490622868
257	1.49939111975981
258	1.49963190876096
259	1.49986532071317
260	1.50003854861505
261	1.50013553942519
262	1.50017849360192
263	1.50020067782409
264	1.50021949645761
265	1.50023067865704
266	1.50022169790785
267	1.50018829082869
268	1.50013975980247
269	1.50009150191604
270	1.50005403178363
271	1.50002816795339
272	1.50000851507549
273	1.49999032561578
274	1.49997347722574
275	1.4999612606959
276	1.49995645144577
277	1.49995864406093
278	1.49996472137572
279	1.49997132690502
280	1.49997690176306
281	1.4999818212485
282	1.4999870580717
283	1.49999284732661
284	1.49999841487837
285	1.5000026915328
286	1.50000516626524
287	1.50000614293849
288	1.50000633612369
289	1.50000628694287
290	1.50000609534367
291	1.50000558278921
292	1.50000462939659
293	1.50000336207258
294	1.50000207844683
295	1.50000103556843
296	1.50000030749968
297	1.49999980792761
298	1.4999994179125
299	1.49999909182073
300	1.49999886612762
301	1.49999879333834
302	1.49999887667355
303	1.49999905983879
304	1.49999926726818
305	1.49999945072932
306	1.49999960441483
307	1.49999974545813
308	1.49999988479854
309	1.50000001403279
310	1.50000011408149
311	1.50000017243399
312	1.50000019238925
313	1.50000018853032
314	1.50000017522108
315	1.50000015871969
316	1.50000013786693
317	1.50000011023789
318	1.5000000772136
319	1.50000004412188
320	1.50000001662287
321	1.49999999724276
322	1.49999998483246
323	1.49999997667755
324	1.49999997095906
325	1.49999996760346
326	1.49999996736396
327	1.49999997041541
328	1.49999997577531
329	1.49999998183837
330	1.49999998733335
331	1.499999991846
332	1.49999999561565
333	1.49999999896067
334	1.50000000188158
335	1.50000000409777
336	1.50000000535715
337	1.50000000568326
338	1.50000000536473
339	1.50000000475128
340	1.50000000405946
341	1.50000000333178
342	1.50000000253463
343	1.50000000167603
344	1.5000000008426
345	1.50000000014773
346	1.49999999965741
347	1.49999999936072
348	1.49999999919905
349	1.49999999911771
350	1.49999999909529
351	1.4999999991358
352	1.49999999924164
353	1.49999999939568
354	1.49999999956537
355	1.49999999972036
356	1.49999999984636
357	1.49999999994523
358	1.50000000002479
359	1.5000000000888
360	1.50000000013482
361	1.50000000015887
362	1.50000000016112
363	1.50000000014726
364	1.50000000012537
365	1.50000000010162
366	1.50000000007847
367	1.50000000005584
368	1.50000000003364
369	1.50000000001305
370	1.49999999999613
371	1.49999999998432
372	1.49999999997761
373	1.49999999997474
374	1.49999999997427
375	1.49999999997529
376	1.49999999997757
377	1.49999999998105
378	1.49999999998542
379	1.49999999999003
380	1.49999999999422
381	1.49999999999759
382	1.50000000000011
383	1.50000000000197
384	1.50000000000331
385	1.50000000000418
386	1.50000000000455
387	1.50000000000442
388	1.50000000000392
389	1.50000000000322
390	1.50000000000248
391	1.50000000000179
392	1.50000000000117
393	1.5000000000006
394	1.5000000000001
395	1.49999999999971
396	1.49999999999944
397	1.49999999999929
398	1.49999999999925
399	1.49999999999928
400	1.49999999999934
401	1.49999999999943
402	1.49999999999954
403	1.49999999999966
404	1.49999999999978
405	1.49999999999989
406	1.49999999999998
407	1.50000000000004
408	1.50000000000008
409	1.5000000000001
410	1.50000000000012
411	1.50000000000012
412	1.50000000000011
413	1.50000000000009
414	1.50000000000007
415	1.50000000000005
416	1.50000000000003
417	1.50000000000002
418	1.50000000000001
419	1.5
420	1.49999999999999
421	1.49999999999999
422	1.49999999999999
423	1.49999999999999
424	1.49999999999999
425	1.49999999999999
426	1.5
427	1.5
428	1.5
429	1.50000000000001
430	1.50000000000001
431	1.50000000000001
432	1.5
433	1.5
434	1.5
435	1.49999999999999
436	1.49999999999999
437	1.49999999999999
438	1.49999999999999
439	1.49999999999999
440	1.49999999999999
441	1.49999999999999
442	1.49999999999999
443	1.49999999999999
444	1.5
445	1.5
446	1.5
447	1.5
448	1.5
449	1.5
450	1.5
451	1.50000000000001
452	1.50000000000001
453	1.50000000000001
454	1.50000000000001
455	1.50000000000001
456	1.50000000000001
457	1.50000000000001
458	1.5
459	1.5
460	1.5
461	1.5
462	1.5
463	1.5
464	1.5
465	1.5
466	1.5
467	1.5
468	1.5
469	1.5
470	1.5
471	1.5
472	1.5
473	1.5
474	1.5
475	1.5
476	1.5
477	1.5
478	1.5
479	1.5
480	1.5
481	1.5
482	1.5
483	1.5
484	1.5
485	1.5
486	1.5
487	1.5
488	1.5
489	1.50000000000001
490	1.50000000000001
491	1.50000000000001
492	1.50000000000001
493	1.50000000000001
494	1.50000000000001
495	1.50000000000001
496	1.50000000000001
497	1.50000000000001
498	1.5
499	1.5
500	1.5
501	1.49999999999999
502	1.49999999999999
503	1.49999999999999
504	1.49999999999999
505	1.49999999999999
506	1.49999999999999
507	1.73776076542991
508	2.01846030609068
509	2.25038470923539
510	2.40676160177872
511	2.49435262588539
512	2.53234095215243
513	2.59707561247677
514	2.66781744648722
515	2.71265591105458
516	2.71803440553639
517	2.68927107180185
518	2.64126932686011
519	2.60299102961145
520	2.57930976949759
521	2.56120682251692
522	2.54035965954293
523	2.51520342736144
524	2.48965143867362
525	2.47232094680195
526	2.46602105011021
527	2.46716003712188
528	2.47048786771462
529	2.472915680412
530	2.47429564934911
531	2.47686390617655
532	2.48194131354518
533	2.4886299189037
534	2.49492272691777
535	2.49933979209706
536	2.50167279604605
537	2.50286175416748
538	2.50388598246777
539	2.50498085117865
540	2.50575084895062
541	2.50575587979615
542	2.50494417517218
543	2.50371176264741
544	2.50255719300005
545	2.50172649234336
546	2.50115154795986
547	2.50063841921239
548	2.50007896459413
549	2.49953311692765
550	2.4991412502221
551	2.49898397585904
552	2.49902304721058
553	2.49914966921574
554	2.49927179906516
555	2.49936624776328
556	2.49946327081912
557	2.49959407983988
558	2.49975460584065
559	2.49991021380878
560	2.5000256990767
561	2.50009035961679
562	2.50011899573461
563	2.50013378521606
564	2.50014633097173
565	2.50015378577135
566	2.50014779860522
567	2.50012552721912
568	2.50009317320163
569	2.50006100127735
570	2.50003602118907
571	2.50001877863558
572	2.50000567671698
573	2.49999355041051
574	2.49998231815049
575	2.49997417379726
576	2.49997096763051
577	2.49997242937396
578	2.49997648091715
579	2.49998088460335
580	2.49998460117538
581	2.49998788083234
582	2.49999137204781
583	2.49999523155108
584	2.49999894325225
585	2.50000179435521
586	2.50000344417684
587	2.50000409529235
588	2.50000422408248
589	2.50000419129527
590	2.50000406356247
591	2.50000372185949
592	2.50000308626441
593	2.50000224138173
594	2.50000138563123
595	2.50000069037896
596	2.50000020499979
597	2.49999987195174
598	2.49999961194167
599	2.49999939454715
600	2.49999924408508
601	2.49999919555889
602	2.4999992511157
603	2.49999937322586
604	2.49999951151212
605	2.49999963381955
606	2.49999973627655
607	2.49999983030541
608	2.49999992319902
609	2.50000000935518
610	2.50000007605431
611	2.50000011495598
612	2.50000012825948
613	2.50000012568686
614	2.50000011681403
615	2.5000001058131
616	2.50000009191126
617	2.50000007349191
618	2.50000005147571
619	2.50000002941457
620	2.50000001108191
621	2.49999999816184
622	2.49999998988831
623	2.4999999844517
624	2.49999998063937
625	2.49999997840231
626	2.49999997824264
627	2.49999998027694
628	2.4999999838502
629	2.49999998789224
630	2.49999999155556
631	2.49999999456399
632	2.49999999707709
633	2.4999999993071
634	2.50000000125437
635	2.50000000273183
636	2.50000000357143
637	2.50000000378883
638	2.50000000357648
639	2.50000000316752
640	2.50000000270631
641	2.5000000022212
642	2.50000000168976
643	2.50000000111737
644	2.50000000056175
645	2.50000000009851
646	2.49999999977163
647	2.49999999957383
648	2.49999999946605
649	2.49999999941182
650	2.49999999939687
651	2.49999999942387
652	2.49999999949443
653	2.49999999959712
654	2.49999999971025
655	2.49999999981358
656	2.4999999998976
657	2.49999999996354
658	2.50000000001661
659	2.50000000005932
660	2.50000000009
661	2.50000000010597
662	2.50000000010727
663	2.50000000009765
664	2.50000000008241
665	2.5000000000657
666	2.50000000004933
667	2.50000000003371
668	2.50000000001961
669	2.50000000000919
670	2.50000000000551
671	2.50000000001123
672	2.50000000002689
673	2.50000000004938
674	2.50000000007416
675	2.50000000009786
676	2.50000000011913
677	2.50000000013822
678	2.50000000014784
679	2.50000000014432
680	2.50000000012889
681	2.5000000001059
682	2.50000000008061
683	2.50000000005751
684	2.50000000003556
685	2.50000000001313
686	2.49999999999081
687	2.49999999997117
688	2.49999999995711
689	2.49999999995043
690	2.49999999994979
691	2.4999999999525
692	2.49999999995665
693	2.49999999996183
694	2.49999999996848
695	2.49999999997687
696	2.49999999998618
697	2.49999999999483
698	2.50000000000162
699	2.50000000000627
700	2.50000000000927
701	2.50000000001127
702	2.50000000001255
703	2.50000000001292
704	2.50000000001217
705	2.5000000000104
706	2.50000000000806
707	2.50000000000569
708	2.50000000000363
709	2.50000000000191
710	2.50000000000042
711	2.49999999999909
712	2.499999999998
713	2.49999999999727
714	2.49999999999697
715	2.49999999999704
716	2.49999999999734
717	2.49999999999771
718	2.49999999999811
719	2.49999999999853
720	2.49999999999899
721	2.49999999999946
722	2.49999999999988
723	2.50000000000021
724	2.50000000000042
725	2.50000000000054
726	2.50000000000059
727	2.50000000000061
728	2.50000000000059
729	2.50000000000054
730	2.50000000000044
731	2.50000000000033
732	2.50000000000021
733	2.50000000000012
734	2.50000000000004
735	2.49999999999997
736	2.49999999999992
737	2.49999999999989
738	2.49999999999986
739	2.49999999999986
740	2.49999999999987
741	2.49999999999988
742	2.4999999999999
743	2.49999999999992
744	2.49999999999994
745	2.49999999999996
746	2.49999999999998
747	2.5
748	2.50000000000001
749	2.50000000000002
750	2.50000000000002
751	2.50000000000003
752	2.50000000000003
753	2.50000000000003
754	2.50000000000002
755	2.50000000000002
756	2.50000000000001
757	2.50000000000001
758	2.5
759	2.5
760	2.5
761	2.49999999999999
762	2.49999999999999
763	2.49999999999999
764	2.49999999999999
765	2.49999999999999
766	2.49999999999999
767	2.5
768	2.5
769	2.5
770	2.5
771	2.5
772	2.5
773	2.5
774	2.5
775	2.5
776	2.5
777	2.5
778	2.5
779	2.5
780	2.5
781	2.5
782	2.5
783	2.5
784	2.5
785	2.5
786	2.5
787	2.5
788	2.5
789	2.5
790	2.5
791	2.5
792	2.5
793	2.5
794	2.50000000000001
795	2.50000000000001
796	2.50000000000001
797	2.50000000000001
798	2.50000000000001
799	2.50000000000001
800	2.50000000000001
801	2.5
802	2.5
803	2.5
804	2.5
805	2.5
806	2.5
807	2.38111961728503
808	2.24076984695465
809	2.12480764538229
810	2.04661919911063
811	2.0028236870573
812	1.98382952392378
813	1.95146219376162
814	1.9160912767564
815	1.89367204447272
816	1.89098279723182
817	1.90536446409909
818	1.92936533656997
819	1.9485044851943
820	1.96034511525123
821	1.96939658874156
822	1.97982017022854
823	1.99239828631928
824	2.00517428066319
825	2.01383952659902
826	2.01698947494489
827	2.01641998143906
828	2.01475606614268
829	2.013542159794
830	2.01285217532545
831	2.01156804691173
832	2.00902934322741
833	2.00568504054815
834	2.00253863654112
835	2.00033010395147
836	1.99916360197697
837	1.99856912291626
838	1.99805700876612
839	1.99750957441068
840	1.99712457552469
841	1.99712206010192
842	1.99752791241391
843	1.9981441186763
844	1.99872140349998
845	1.99913675382831
846	1.99942422602006
847	1.9996807903938
848	1.99996051770293
849	2.00023344153617
850	2.00042937488895
851	2.00050801207047
852	2.00048847639471
853	2.00042516539213
854	2.00036410046743
855	2.00031687611837
856	2.00026836459045
857	2.00020296008007
858	2.00012269707968
859	2.00004489309562
860	1.99998715046165
861	1.99995482019161
862	1.99994050213269
863	1.99993310739197
864	1.99992683451413
865	1.99992310711432
866	1.99992610069738
867	1.99993723639043
868	1.99995341339917
869	1.99996949936131
870	1.99998198940545
871	1.9999906106822
872	1.9999971616415
873	2.00000322479474
874	2.00000884092475
875	2.00001291310136
876	2.00001451618475
877	2.00001378531302
878	2.00001175954143
879	2.00000955769833
880	2.00000769941231
881	2.00000605958384
882	2.0000043139761
883	2.00000238422447
884	2.00000052837388
885	1.9999991028224
886	1.99999827791159
887	1.99999795235384
888	1.99999788795878
889	1.99999790435239
890	1.99999796821879
891	1.99999813907027
892	1.99999845686781
893	1.99999887930915
894	1.9999993071844
895	1.99999965481053
896	1.99999989750011
897	2.00000006402413
898	2.00000019402916
899	2.00000030272642
900	2.00000037795745
901	2.00000040222055
902	2.00000037444215
903	2.00000031338707
904	2.00000024424394
905	2.00000018309023
906	2.00000013186172
907	2.00000008484729
908	2.00000003840048
909	1.9999999953224
910	1.99999996197283
911	1.99999994252199
912	1.99999993587024
913	1.99999993715655
914	1.99999994159296
915	1.99999994709343
916	1.99999995404435
917	1.99999996325403
918	1.99999997426213
919	1.99999998529271
920	1.99999999445904
921	2.00000000091908
922	2.00000000505585
923	2.00000000777415
924	2.00000000968032
925	2.00000001079885
926	2.00000001087869
927	2.00000000986153
928	2.0000000080749
929	2.00000000605388
930	2.00000000422222
931	2.000000002718
932	2.00000000146144
933	2.00000000034644
934	1.9999999993728
935	1.99999999863407
936	1.99999999821428
937	1.99999999810558
938	1.99999999821176
939	1.99999999841624
940	1.99999999864685
941	1.99999999888941
942	1.99999999915513
943	1.99999999944133
944	1.99999999971914
945	1.99999999995076
946	2.0000000001142
947	2.0000000002131
948	2.00000000026699
949	2.0000000002941
950	2.00000000030157
951	2.00000000028807
952	2.00000000025278
953	2.00000000020144
954	2.00000000014487
955	2.00000000009322
956	2.00000000005123
957	2.00000000001829
958	1.9999999999918
959	1.99999999997048
960	1.99999999995514
961	1.99999999994708
962	1.9999999999462
963	1.99999999995056
964	1.99999999995743
965	1.99999999996476
966	1.99999999997185
967	1.99999999997903
968	1.99999999998691
969	1.99999999999597
970	2.00000000000668
971	2.00000000001967
972	2.00000000003535
973	2.00000000005256
974	2.00000000006946
975	2.00000000008446
976	2.00000000009686
977	2.00000000010688
978	2.0000000001099
979	2.00000000010397
980	2.00000000009043
981	2.00000000007248
982	2.00000000005365
983	2.00000000003681
984	2.00000000002113
985	2.0000000000055
986	1.99999999999034
987	1.99999999997734
988	1.99999999996836
989	1.99999999996445
990	1.9999999999646
991	1.99999999996694
992	1.99999999997019
993	1.99999999997409
994	1.9999999999789
995	1.99999999998481
996	1.99999999999122
997	1.9999999999971
998	2.00000000000165
999	2.00000000000474
1000	2.00000000000668
