1	0
2	0
3	0
4	0
5	0
6	0
7	0
8	0
9	0
10	0
11	0
12	0
13	0
14	0
15	0
16	0
17	0
18	0
19	0
20	0
21	0
22	0
23	0
24	0
25	0
26	0
27	0
28	0
29	0
30	0
31	0
32	0
33	0
34	0
35	-0.0308392573891626
36	-0.0784318136322697
37	-0.118439761741933
38	-0.148725770431836
39	-0.171037605745271
40	-0.187349443893826
41	-0.199248493535223
42	-0.207922980291063
43	-0.214245563890445
44	-0.218853664055661
45	-0.222212141380309
46	-0.224659856933007
47	-0.226443791405493
48	-0.227743951046417
49	-0.228691527837113
50	-0.229382136679841
51	-0.229885463242727
52	-0.230252295539875
53	-0.230519648674094
54	-0.230714499833371
55	-0.230856510415668
56	-0.230960009956336
57	-0.231035442045588
58	-0.23109041813584
59	-0.231130485573046
60	-0.231159687349981
61	-0.231180970063216
62	-0.231196481238569
63	-0.231207786026552
64	-0.231216025133418
65	-0.231222029923782
66	-0.23122640630922
67	-0.231229595887597
68	-0.231231920502366
69	-0.231233614718086
70	-0.231234849489086
71	-0.231235749409566
72	-0.231236405285732
73	-0.231236883298573
74	-0.231237231681833
75	-0.231237485589018
76	-0.23123767064056
77	-0.231237805509026
78	-0.231237903803281
79	-0.231237975441676
80	-0.231238027652863
81	-0.231238065705195
82	-0.231238093438332
83	-0.231238113650677
84	-0.231238128381751
85	-0.231238139117989
86	-0.231238146942728
87	-0.23123815264552
88	-0.231238156801805
89	-0.23123815983097
90	-0.231238162038674
91	-0.231238163647682
92	-0.231238164820353
93	-0.231238165675014
94	-0.231238166297904
95	-0.231238166751877
96	-0.231238167082739
97	-0.231238167323876
98	-0.231238167499621
99	-0.231238167627707
100	-0.231238167721057
101	-0.231238167789093
102	-0.231238167838678
103	-0.231238167874817
104	-0.231238167901155
105	-0.231238167920351
106	-0.231238167934341
107	-0.231238167944537
108	-0.231238167951969
109	-0.231238167957385
110	-0.231238167961332
111	-0.231238167964209
112	-0.231238167966305
113	-0.231238167967833
114	-0.231238167968947
115	-0.231238167969759
116	-0.23123816797035
117	-0.231238167970781
118	-0.231238167971096
119	-0.231238167971325
120	-0.231238167971492
121	-0.231238167971613
122	-0.231238167971702
123	-0.231238167971766
124	-0.231238167971814
125	-0.231238167971848
126	-0.231238167971873
127	-0.231238167971891
128	-0.231238167971904
129	-0.231238167971914
130	-0.231238167971921
131	-0.231238167971926
132	-0.23123816797193
133	-0.231238167971933
134	-0.231238167971935
135	-0.231238167971936
136	-0.231238167971937
137	-0.231238167971938
138	-0.231238167971939
139	-0.231238167971939
140	-0.231238167971939
141	-0.23123816797194
142	-0.23123816797194
143	-0.23123816797194
144	-0.23123816797194
145	-0.23123816797194
146	-0.23123816797194
147	-0.23123816797194
148	-0.23123816797194
149	-0.23123816797194
150	-0.23123816797194
151	-0.23123816797194
152	-0.23123816797194
153	-0.23123816797194
154	-0.23123816797194
155	-0.23123816797194
156	-0.23123816797194
157	-0.23123816797194
158	-0.23123816797194
159	-0.23123816797194
160	-0.23123816797194
161	-0.23123816797194
162	-0.23123816797194
163	-0.23123816797194
164	-0.23123816797194
165	-0.23123816797194
166	-0.23123816797194
167	-0.23123816797194
168	-0.23123816797194
169	-0.23123816797194
170	-0.23123816797194
171	-0.23123816797194
172	-0.23123816797194
173	-0.23123816797194
174	-0.23123816797194
175	-0.23123816797194
176	-0.23123816797194
177	-0.23123816797194
178	-0.23123816797194
179	-0.23123816797194
180	-0.23123816797194
181	-0.23123816797194
182	-0.23123816797194
183	-0.23123816797194
184	-0.23123816797194
185	-0.23123816797194
186	-0.23123816797194
187	-0.23123816797194
188	-0.23123816797194
189	-0.23123816797194
190	-0.23123816797194
191	-0.23123816797194
192	-0.23123816797194
193	-0.23123816797194
194	-0.23123816797194
195	-0.23123816797194
196	-0.23123816797194
197	-0.23123816797194
198	-0.23123816797194
199	-0.23123816797194
200	-0.23123816797194
201	-0.23123816797194
202	-0.23123816797194
203	-0.23123816797194
204	-0.23123816797194
205	-0.23123816797194
206	-0.23123816797194
207	-0.23123816797194
208	-0.23123816797194
209	-0.23123816797194
210	-0.23123816797194
211	-0.23123816797194
212	-0.23123816797194
213	-0.23123816797194
214	-0.23123816797194
215	-0.23123816797194
216	-0.23123816797194
217	-0.23123816797194
218	-0.23123816797194
219	-0.23123816797194
220	-0.23123816797194
221	-0.23123816797194
222	-0.23123816797194
223	-0.23123816797194
224	-0.23123816797194
225	-0.23123816797194
226	-0.23123816797194
227	-0.23123816797194
228	-0.23123816797194
229	-0.23123816797194
230	-0.23123816797194
231	-0.23123816797194
232	-0.23123816797194
233	-0.23123816797194
234	-0.23123816797194
235	-0.23123816797194
236	-0.23123816797194
237	-0.23123816797194
238	-0.23123816797194
239	-0.23123816797194
240	-0.23123816797194
241	-0.23123816797194
242	-0.23123816797194
243	-0.23123816797194
244	-0.23123816797194
245	-0.23123816797194
246	-0.23123816797194
247	-0.23123816797194
248	-0.23123816797194
249	-0.23123816797194
250	-0.23123816797194
251	-0.23123816797194
252	-0.23123816797194
253	-0.23123816797194
254	-0.23123816797194
255	-0.23123816797194
256	-0.23123816797194
257	-0.23123816797194
258	-0.23123816797194
259	-0.23123816797194
260	-0.23123816797194
261	-0.23123816797194
262	-0.23123816797194
263	-0.23123816797194
264	-0.23123816797194
265	-0.23123816797194
266	-0.23123816797194
267	-0.23123816797194
268	-0.23123816797194
269	-0.23123816797194
270	-0.23123816797194
271	-0.23123816797194
272	-0.23123816797194
273	-0.23123816797194
274	-0.23123816797194
275	-0.23123816797194
276	-0.23123816797194
277	-0.23123816797194
278	-0.23123816797194
279	-0.23123816797194
280	-0.23123816797194
281	-0.23123816797194
282	-0.23123816797194
283	-0.23123816797194
284	-0.23123816797194
285	-0.23123816797194
286	-0.23123816797194
287	-0.23123816797194
288	-0.23123816797194
289	-0.23123816797194
290	-0.23123816797194
291	-0.23123816797194
292	-0.23123816797194
293	-0.23123816797194
294	-0.23123816797194
295	-0.23123816797194
296	-0.23123816797194
297	-0.23123816797194
298	-0.23123816797194
299	-0.23123816797194
300	-0.23123816797194
301	-0.23123816797194
302	-0.23123816797194
303	-0.23123816797194
304	-0.23123816797194
305	-0.23123816797194
306	-0.23123816797194
307	-0.23123816797194
308	-0.23123816797194
309	-0.23123816797194
310	-0.23123816797194
311	-0.23123816797194
312	-0.23123816797194
313	-0.23123816797194
314	-0.23123816797194
315	-0.23123816797194
316	-0.23123816797194
317	-0.23123816797194
318	-0.23123816797194
319	-0.23123816797194
320	-0.23123816797194
321	-0.23123816797194
322	-0.23123816797194
323	-0.23123816797194
324	-0.23123816797194
325	-0.23123816797194
326	-0.23123816797194
327	-0.23123816797194
328	-0.23123816797194
329	-0.23123816797194
330	-0.23123816797194
331	-0.23123816797194
332	-0.23123816797194
333	-0.23123816797194
334	-0.23123816797194
335	-0.23123816797194
336	-0.23123816797194
337	-0.23123816797194
338	-0.23123816797194
339	-0.23123816797194
340	-0.23123816797194
341	-0.23123816797194
342	-0.23123816797194
343	-0.23123816797194
344	-0.23123816797194
345	-0.23123816797194
346	-0.23123816797194
347	-0.23123816797194
348	-0.23123816797194
349	-0.23123816797194
350	-0.23123816797194
351	-0.23123816797194
352	-0.23123816797194
353	-0.23123816797194
354	-0.23123816797194
355	-0.23123816797194
356	-0.23123816797194
357	-0.23123816797194
358	-0.23123816797194
359	-0.23123816797194
360	-0.23123816797194
361	-0.23123816797194
362	-0.23123816797194
363	-0.23123816797194
364	-0.23123816797194
365	-0.23123816797194
366	-0.23123816797194
367	-0.23123816797194
368	-0.23123816797194
369	-0.23123816797194
370	-0.23123816797194
371	-0.23123816797194
372	-0.23123816797194
373	-0.23123816797194
374	-0.23123816797194
375	-0.23123816797194
376	-0.23123816797194
377	-0.23123816797194
378	-0.23123816797194
379	-0.23123816797194
380	-0.23123816797194
381	-0.23123816797194
382	-0.23123816797194
383	-0.23123816797194
384	-0.23123816797194
385	-0.23123816797194
386	-0.23123816797194
387	-0.23123816797194
388	-0.23123816797194
389	-0.23123816797194
390	-0.23123816797194
391	-0.23123816797194
392	-0.23123816797194
393	-0.23123816797194
394	-0.23123816797194
395	-0.23123816797194
396	-0.23123816797194
397	-0.23123816797194
398	-0.23123816797194
399	-0.23123816797194
400	-0.23123816797194
401	-0.23123816797194
402	-0.23123816797194
403	-0.23123816797194
404	-0.23123816797194
405	-0.23123816797194
406	-0.23123816797194
407	-0.23123816797194
408	-0.23123816797194
409	-0.23123816797194
410	-0.23123816797194
411	-0.23123816797194
412	-0.23123816797194
413	-0.23123816797194
414	-0.23123816797194
415	-0.23123816797194
416	-0.23123816797194
417	-0.23123816797194
418	-0.23123816797194
419	-0.23123816797194
420	-0.23123816797194
421	-0.23123816797194
422	-0.23123816797194
423	-0.23123816797194
424	-0.23123816797194
425	-0.23123816797194
426	-0.23123816797194
427	-0.23123816797194
428	-0.23123816797194
429	-0.23123816797194
430	-0.23123816797194
431	-0.23123816797194
432	-0.23123816797194
433	-0.23123816797194
434	-0.23123816797194
435	-0.23123816797194
436	-0.23123816797194
437	-0.23123816797194
438	-0.23123816797194
439	-0.23123816797194
440	-0.23123816797194
441	-0.23123816797194
442	-0.23123816797194
443	-0.23123816797194
444	-0.23123816797194
445	-0.23123816797194
446	-0.23123816797194
447	-0.23123816797194
448	-0.23123816797194
449	-0.23123816797194
450	-0.23123816797194
451	-0.23123816797194
452	-0.23123816797194
453	-0.23123816797194
454	-0.23123816797194
455	-0.23123816797194
456	-0.23123816797194
457	-0.23123816797194
458	-0.23123816797194
459	-0.23123816797194
460	-0.23123816797194
461	-0.23123816797194
462	-0.23123816797194
463	-0.23123816797194
464	-0.23123816797194
465	-0.23123816797194
466	-0.23123816797194
467	-0.23123816797194
468	-0.23123816797194
469	-0.23123816797194
470	-0.23123816797194
471	-0.23123816797194
472	-0.23123816797194
473	-0.23123816797194
474	-0.23123816797194
475	-0.23123816797194
476	-0.23123816797194
477	-0.23123816797194
478	-0.23123816797194
479	-0.23123816797194
480	-0.23123816797194
481	-0.23123816797194
482	-0.23123816797194
483	-0.23123816797194
484	-0.23123816797194
485	-0.23123816797194
486	-0.23123816797194
487	-0.23123816797194
488	-0.23123816797194
489	-0.23123816797194
490	-0.23123816797194
491	-0.23123816797194
492	-0.23123816797194
493	-0.23123816797194
494	-0.23123816797194
495	-0.23123816797194
496	-0.23123816797194
497	-0.23123816797194
498	-0.23123816797194
499	-0.23123816797194
500	-0.23123816797194
