1	0
2	0
3	0
4	0
5	0
6	0
7	0
8	0
9	0
10	0
11	0
12	0
13	0
14	0
15	0
16	0
17	0
18	0
19	0
20	0
21	0
22	0
23	0
24	0
25	0
26	0
27	0
28	0
29	0
30	0
31	0
32	0
33	0
34	0
35	0
36	0
37	0
38	0
39	0
40	0
41	0
42	0
43	0
44	0
45	0
46	0
47	0
48	0
49	0
50	0
51	0
52	0
53	0
54	0
55	0
56	0
57	0
58	0
59	0
60	0
61	0
62	0
63	0
64	0
65	0
66	0
67	0
68	0
69	0
70	0
71	0
72	0
73	0
74	0
75	0
76	0
77	0
78	0
79	0
80	0
81	0
82	0
83	0
84	0
85	0
86	0
87	0
88	0
89	0
90	0
91	0
92	0
93	0
94	0
95	0
96	0
97	0
98	0
99	0
100	0
101	0
102	0
103	0
104	0
105	0
106	0
107	0
108	0
109	0
110	0
111	0
112	0
113	0
114	0
115	0
116	0
117	0
118	0
119	0
120	0
121	0
122	0
123	0
124	0
125	0
126	0
127	0
128	0
129	0
130	0
131	0
132	0
133	0
134	0
135	0
136	0
137	0
138	0
139	0
140	0
141	0
142	0
143	0
144	0
145	0
146	0
147	0
148	0
149	0
150	0
151	0
152	0
153	0
154	0
155	0
156	0
157	0
158	0
159	0
160	0
161	0
162	0
163	0
164	0
165	0
166	0
167	0
168	0
169	0
170	0
171	0
172	0
173	0
174	0
175	0
176	0
177	0
178	0
179	0
180	0
181	0
182	0
183	0
184	0
185	0
186	0
187	0
188	0
189	0
190	0
191	0
192	0
193	0
194	0
195	0
196	0
197	0
198	0
199	0
200	1
201	1
202	1
203	1
204	1
205	1
206	0.995370865704618
207	0.972002413220442
208	0.977646225405501
209	0.996954911037374
210	1
211	0.948035871148423
212	0.970944412833255
213	0.995292607401814
214	1
215	0.974394559184902
216	0.97922017574126
217	0.992480178718257
218	1
219	0.973382567449589
220	0.964632270731315
221	0.960181002248092
222	0.954452062886705
223	0.942761914971031
224	0.926782115161097
225	0.915738906518755
226	0.907311788925314
227	0.898344975131366
228	0.889147591191434
229	0.881653560924854
230	0.877465774985598
231	0.875446261896191
232	0.874541321711514
233	0.874988573850904
234	0.877162570986321
235	0.880801456097026
236	0.885084892704179
237	0.889487706511175
238	0.893905269373911
239	0.898197326543524
240	0.902049684417903
241	0.905170667294009
242	0.907483935194153
243	0.909055443129543
244	0.909941221530002
245	0.91017990350617
246	0.909860189847754
247	0.909133883015278
248	0.908160704319051
249	0.907066093873392
250	0.905949666976808
251	0.904902872321872
252	0.904003085768261
253	0.903297236987233
254	0.902799420367629
255	0.902502406063601
256	0.902386763032587
257	0.902422178690628
258	0.902568459547733
259	0.90278133480808
260	0.903019629618721
261	0.903249023084974
262	0.903442723295606
263	0.903581949722284
264	0.903656922026515
265	0.903666913141079
266	0.903618657232137
267	0.903524034555683
268	0.903398049170933
269	0.903257137855056
270	0.90311745382274
271	0.902993197039711
272	0.90289539008429
273	0.902831278926176
274	0.902804206016305
275	0.902813778674045
276	0.902856308122194
277	0.902925526405279
278	0.903013485130467
279	0.903111480166077
280	0.903210895658213
281	0.903303927592021
282	0.903384159455396
283	0.903446950610911
284	0.903489613146833
285	0.903511390592314
286	0.903513276640278
287	0.903497714010659
288	0.903468210558021
289	0.903428913298424
290	0.903384184346425
291	0.903338217221776
292	0.903294720137071
293	0.903256682038419
294	0.903226229376007
295	0.903204574126425
296	0.903192045339616
297	0.90318818951145
298	0.903191921266378
299	0.903201704752032
300	0.903215746510372
301	0.903232182033773
302	0.903249241039942
303	0.903265380537559
304	0.903279379219174
305	0.903290390914628
306	0.903297958528672
307	0.903301993007315
308	0.903302724248858
309	0.903300632292265
310	0.903296367554898
311	0.903290668512728
312	0.903284284211813
313	0.903277907526456
314	0.903272123298312
315	0.903267373600678
316	0.903263940571221
317	0.90326194569048
318	0.903261363141525
319	0.903262044020601
320	0.903263747703808
321	0.903266176598456
322	0.903269010769112
323	0.903271939452442
324	0.903274687178075
325	0.903277033010701
326	0.903278822240082
327	0.903279970597747
328	0.903280461714715
329	0.90328033901596
330	0.90327969355607
331	0.903278649435087
332	0.903277348406932
333	0.903275935130691
334	0.903274544250997
335	0.903273290165448
336	0.903272259982006
337	0.903271509821807
338	0.903271064311749
339	0.903270918858193
340	0.903271044111609
341	0.903271391927366
342	0.903271902097984
343	0.903272509169058
344	0.903273148741785
345	0.903273762794305
346	0.903274303704998
347	0.903274736817529
348	0.90327504153547
349	0.903275211062212
350	0.903275251001568
351	0.903275177101373
352	0.903275012455506
353	0.903274784481031
354	0.903274521961088
355	0.903274252396925
356	0.903273999851056
357	0.903273783395376
358	0.90327361620991
359	0.903273505315549
360	0.903273451872257
361	0.903273451935602
362	0.903273497540636
363	0.903273577972948
364	0.903273681090907
365	0.903273794578262
366	0.903273907029761
367	0.903274008800742
368	0.903274092581938
369	0.903274153689868
370	0.903274190089064
371	0.903274202183005
372	0.903274192425231
373	0.903274164810091
374	0.903274124304382
375	0.903274076277329
376	0.903274025978234
377	0.903273978099911
378	0.903273936453102
379	0.903273903763932
380	0.903273881594109
381	0.903273870373055
382	0.903273869523075
383	0.903273877653402
384	0.903273892796487
385	0.903273912660103
386	0.90327393487128
387	0.903273957192237
388	0.903273977693744
389	0.903273994877082
390	0.903274007741509
391	0.903274015799209
392	0.903274019043997
393	0.903274017883094
394	0.903274013043123
395	0.903274005462121
396	0.903273996178851
397	0.903273986229295
398	0.903273976558236
399	0.903273967951305
400	-1
401	0.238374847077956
402	0.140057103706724
403	0.0417393624062492
404	-0.0565783770586314
405	-0.154896115046379
406	0.814138634681694
407	0.764580157936674
408	0.693532705101921
409	0.705684445120887
410	0.754513405003429
411	0.812674285715689
412	0.757634112249179
413	0.652987765714067
414	0.601070206737228
415	0.569023055655789
416	0.532672576283597
417	0.484674637669507
418	0.446979209760058
419	0.438787563412989
420	0.445991678168635
421	0.456281465034582
422	0.470305500262801
423	0.492949619526042
424	0.521639259809623
425	0.546395824292085
426	0.563384198488898
427	0.5744741596233
428	0.581109092523923
429	0.582453772840145
430	0.577829370142005
431	0.568943618965886
432	0.558300706135694
433	0.547403735215605
434	0.53690344707947
435	0.527531956181732
436	0.520299487446028
437	0.515851239626945
438	0.514141619512369
439	0.514753086285132
440	0.517241490905213
441	0.521133903671752
442	0.52580377455162
443	0.530548676670918
444	0.534794052595001
445	0.538181144076065
446	0.540517430207565
447	0.541725693039855
448	0.5418517034571
449	0.541069103439898
450	0.539634220436485
451	0.537822984334993
452	0.535893791117037
453	0.534074878830304
454	0.532551536042262
455	0.531448027519431
456	0.530818613202348
457	0.530654597570983
458	0.530899270823682
459	0.531461899916543
460	0.532230724499407
461	0.533087902575879
462	0.533924852375176
463	0.534653674913477
464	0.535212948855672
465	0.535569403715693
466	0.53571700438025
467	0.535673550151097
468	0.535474840594179
469	0.535167527905585
470	0.534802148647723
471	0.53442716429275
472	0.534084201229429
473	0.533804642794329
474	0.533607837716649
475	0.533500986163464
476	0.533480408071714
477	0.533533742165277
478	0.533642684086963
479	0.533785936082633
480	0.533942031533714
481	0.534091715411309
482	0.534219670581406
483	0.5343155201579
484	0.534374133020596
485	0.534395313109485
486	0.534382998590042
487	0.534344138599387
488	0.534287430312243
489	0.534222080070408
490	0.534156715991703
491	0.534098541944467
492	0.534052785628595
493	0.534022454072685
494	0.534008372350704
495	0.534009453362183
496	0.534023130925589
497	0.534045882842376
498	0.534073772542428
499	0.534102946852921
500	0.534130042420247
501	0.534152471561679
502	0.534168576506162
503	0.534177656973799
504	0.534179888884217
505	0.534176161001205
506	0.53416786095507
507	0.534156642368355
508	0.534144201518144
509	0.534132086201955
510	0.534121552271624
511	0.534113475589113
512	0.534108319832233
513	0.534106154414439
514	0.53410671228806
515	0.534109474766544
516	0.534113769683957
517	0.534118870005344
518	0.534124082076065
519	0.534128815617323
520	0.534132630871075
521	0.534135261544205
522	0.53413661505804
523	0.534136753832196
524	0.534135862781804
525	0.534134208851301
526	0.534132098309834
527	0.534129836828946
528	0.53412769622996
529	0.534125890419808
530	0.534124561616922
531	0.534123776666037
532	0.53412353217554
533	0.53412376645988
534	0.534124375862027
535	0.534125232954465
536	0.534126204325951
537	0.53412716608518
538	0.534128015770026
539	0.534128679959128
540	0.534129117466743
541	0.534129318502452
542	0.534129300553613
543	0.534129101980088
544	0.534128774396273
545	0.534128374869849
546	0.534127958816497
547	0.534127574248774
548	0.534127257781216
549	0.53412703253608
550	0.534126907863442
551	0.534126880606148
552	0.534126937516495
553	0.534127058371173
554	0.534127219329926
555	0.534127396132028
556	0.534127566809434
557	0.534127713701173
558	0.534127824665252
559	0.534127893488862
560	0.534127919584815
561	0.534127907125342
562	0.534127863800627
563	0.534127799399333
564	0.53412772439516
565	0.534127648692368
566	0.53412758064061
567	0.53412752638186
568	0.534127489545672
569	0.534127471268387
570	0.534127470480686
571	0.534127484387819
572	0.534127509058393
573	0.534127540039685
574	0.534127572928092
575	0.534127603840025
576	0.534127629748448
577	0.534127648670602
578	0.534127659711085
579	0.534127662979484
580	0.534127659412271
581	0.534127650534154
582	0.534127638194869
583	0.534127624314135
584	0.534127610661155
585	0.534127598686979
586	0.534127589419219
587	0.534127583420273
588	0.534127580803106
589	0.53412758129335
590	0.534127584323298
591	0.534127589142296
592	0.53412759492879
593	0.534127600891571
594	0.534127606350955
595	0.534127610794406
596	0.534127613904748
597	0.534127615562443
598	0.534127615825957
599	0.534127614895991
600	-1
601	0.0797798842211237
602	0.0125960922669464
603	-0.0545876995750283
604	-0.121771491055479
605	-0.188955282005545
606	0.184969137548672
607	0.168938096335189
608	0.0989373947951094
609	0.0724960062592654
610	0.0629811920555656
611	0.0586484687957846
612	0.035825118503497
613	-0.000748571200345216
614	-0.012118362283493
615	-0.0135403996598846
616	-0.0150024836864921
617	-0.0177761035746279
618	-0.019252429009865
619	-0.0179118545062511
620	-0.0169897810962812
621	-0.0179007301378934
622	-0.0196721154841367
623	-0.0214527774868695
624	-0.0230854808773824
625	-0.0247659546380668
626	-0.0264749376211599
627	-0.0279931110217758
628	-0.0292463762680472
629	-0.0303127827577834
630	-0.0312752987179314
631	-0.032163888943311
632	-0.0329845832311219
633	-0.0337556246910969
634	-0.0345004489125659
635	-0.0352292924568513
636	-0.0359404956610477
637	-0.036630665681086
638	-0.0372992213207712
639	-0.0379467053301839
640	-0.0385729159844768
641	-0.0391775541226665
642	-0.0397612560870216
643	-0.0403254217186275
644	-0.0408715090590193
645	-0.0414007065959711
646	-0.0419140173894628
647	-0.0424123593068084
648	-0.0428965318947952
649	-0.0433671749838483
650	-0.0438248018014051
651	-0.044269861519847
652	-0.0447027742254401
653	-0.0451239369525237
654	-0.0455337254269279
655	-0.0459325006157564
656	-0.0463206135899829
657	-0.0466984048747144
658	-0.0470662016460512
659	-0.0474243165029194
660	-0.0477730479957959
661	-0.0481126814843287
662	-0.0484434897784258
663	-0.0487657338849167
664	-0.0490796640197693
665	-0.049385520648524
666	-0.0496835353225136
667	-0.0499739313042344
668	-0.0502569240773195
669	-0.0505327217890851
670	-0.0508015256245727
671	-0.0510635301185047
672	-0.0513189234308848
673	-0.0515678876078947
674	-0.0518105988337154
675	-0.0520472276710062
676	-0.0522779392892138
677	-0.0525028936819777
678	-0.0527222458741643
679	-0.0529361461179108
680	-0.0531447400773361
681	-0.0533481690025299
682	-0.0535465698938858
683	-0.053740075657719
684	-0.0539288152539196
685	-0.054112913836343
686	-0.0542924928866056
687	-0.0544676703418507
688	-0.0546385607169157
689	-0.0548052752212438
690	-0.0549679218708431
691	-0.0551266055955657
692	-0.0552814283419554
693	-0.0554324891718894
694	-0.0555798843572285
695	-0.0557237074706758
696	-0.0558640494730389
697	-0.0560009987970754
698	-0.0561346414280906
699	-0.0562650609814465
700	-0.056392338777129
701	-0.0565165539115143
702	-0.056637783326462
703	-0.0567561018758584
704	-0.0568715823897246
705	-0.0569842957359961
706	-0.0570943108800782
707	-0.0572016949422731
708	-0.0573065132531691
709	-0.0574088294070809
710	-0.0575087053136218
711	-0.0576062012474866
712	-0.05770137589652
713	-0.0577942864081396
714	-0.0578849884341828
715	-0.0579735361742394
716	-0.0580599824175321
717	-0.0581443785834018
718	-0.0582267747604538
719	-0.0583072197444162
720	-0.0583857610747619
721	-0.0584624450701413
722	-0.0585373168626709
723	-0.058610420431122
724	-0.0586817986330518
725	-0.0587514932359139
726	-0.0588195449471896
727	-0.0588859934435742
728	-0.0589508773992526
729	-0.0590142345132997
730	-0.0590761015362346
731	-0.0591365142957617
732	-0.0591955077217249
733	-0.0592531158703062
734	-0.059309371947492
735	-0.0593643083318355
736	-0.059417956596538
737	-0.0594703475308737
738	-0.05952151116098
739	-0.059571476770035
740	-0.0596202729178439
741	-0.0596679274598527
742	-0.0597144675656104
743	-0.0597599197366958
744	-0.0598043098241292
745	-0.0598476630452838
746	-0.0598900040003145
747	-0.0599313566881196
748	-0.05997174452185
749	-0.060011190343981
750	-0.0600497164409615
751	-0.0600873445574516
752	-0.0601240959101652
753	-0.0601599912013261
754	-0.0601950506317538
755	-0.0602292939135871
756	-0.0602627402826585
757	-0.0602954085105308
758	-0.0603273169162039
759	-0.0603584833775046
760	-0.0603889253421672
761	-0.0604186598386151
762	-0.0604477034864523
763	-0.0604760725066729
764	-0.0605037827315985
765	-0.0605308496145495
766	-0.0605572882392603
767	-0.0605831133290444
768	-0.0606083392557175
769	-0.0606329800482853
770	-0.0606570494014032
771	-0.060680560683614
772	-0.0607035269453711
773	-0.0607259609268513
774	-0.0607478750655659
775	-0.0607692815037733
776	-0.0607901920957004
777	-0.0608106184145777
778	-0.0608305717594933
779	-0.0608500631620707
780	-0.0608691033929754
781	-0.0608877029682562
782	-0.0609058721555231
783	-0.0609236209799695
784	-0.0609409592302409
785	-0.0609578964641543
786	-0.0609744420142744
787	-0.0609906049933475
788	-0.0610063942995998
789	-0.0610218186219017
790	-0.0610368864448031
791	-0.061051606053442
792	-0.0610659855383313
793	-0.0610800328000251
794	-0.0610937555536697
795	-0.0611071613334407
796	-0.0611202574968711
797	-0.0611330512290702
798	-0.0611455495468404
799	-0.0611577593026908
800	-0.0611696871887519
