1	0
2	0
3	0
4	0
5	0
6	0
7	0
8	0
9	0
10	0
11	0
12	0
13	0
14	0
15	0
16	0
17	0
18	0
19	0
20	0
21	0
22	0
23	0
24	0
25	0
26	0
27	0
28	0
29	0
30	0
31	0
32	0
33	0
34	0
35	0
36	0
37	0
38	0
39	0
40	0
41	0
42	0
43	0
44	0
45	0
46	0
47	0
48	0
49	0
50	0
51	0
52	0
53	0
54	0
55	0
56	0
57	0
58	0
59	0
60	0
61	0
62	0
63	0
64	0
65	0
66	0
67	0
68	0
69	0
70	0
71	0
72	0
73	0
74	0
75	0
76	0
77	0
78	0
79	0
80	0
81	0
82	0
83	0
84	0
85	0
86	0
87	0
88	0
89	0
90	0
91	0
92	0
93	0
94	0
95	0
96	0
97	0
98	0
99	0
100	0
101	0
102	0
103	0
104	0
105	0
106	0
107	0
108	0
109	0
110	0
111	0
112	0
113	0
114	0
115	0
116	0
117	0
118	0
119	0
120	0
121	0
122	0
123	0
124	0
125	0
126	0
127	0
128	0
129	0
130	0
131	0
132	0
133	0
134	0
135	0
136	0
137	0
138	0
139	0
140	0
141	0
142	0
143	0
144	0
145	0
146	0
147	0
148	0
149	0
150	0
151	0
152	0
153	0
154	0
155	0
156	0
157	0
158	0
159	0
160	0
161	0
162	0
163	0
164	0
165	0
166	0
167	0
168	0
169	0
170	0
171	0
172	0
173	0
174	0
175	0
176	0
177	0
178	0
179	0
180	0
181	0
182	0
183	0
184	0
185	0
186	0
187	0
188	0
189	0
190	0
191	0
192	0
193	0
194	0
195	0
196	0
197	0
198	0
199	0
200	1
201	0.990838205970599
202	1
203	1
204	1
205	1
206	0.973921860753076
207	0.976375271944852
208	0.962796245303727
209	0.956846644090015
210	0.955491539602241
211	0.961245130554032
212	0.938898147767347
213	0.959974160924769
214	0.950750764370266
215	0.940102555771493
216	0.946804889245651
217	0.941519682769783
218	0.935975765406085
219	0.934041133441626
220	0.930170465167898
221	0.924666470044941
222	0.921664879570318
223	0.918195499210034
224	0.915119026889479
225	0.911828155004869
226	0.908546017652765
227	0.905871099803047
228	0.90345767038671
229	0.901314380707396
230	0.899495664855411
231	0.898103053575381
232	0.897220522014199
233	0.896775764723668
234	0.896729627787588
235	0.897065089431308
236	0.897745719049873
237	0.898704390671427
238	0.899846385203911
239	0.901085577323596
240	0.902346339232002
241	0.903554276919163
242	0.904638666672322
243	0.905540388305912
244	0.906219362790754
245	0.9066537914245
246	0.906837043751122
247	0.90677716707472
248	0.906496795196115
249	0.906031263811449
250	0.905424768419662
251	0.9047264116284
252	0.903987084720872
253	0.903256587624361
254	0.9025806311718
255	0.901998072406155
256	0.901538907806374
257	0.901223139310164
258	0.901060313396594
259	0.901049637764997
260	0.901180719445634
261	0.901434914178804
262	0.901787137622781
263	0.90220793695744
264	0.902665666882086
265	0.903128650298025
266	0.903567196936324
267	0.903955348318826
268	0.904272246657995
269	0.904503072228565
270	0.904639530329381
271	0.904679892729329
272	0.904628621794026
273	0.904495631542715
274	0.90429526136776
275	0.904045049661214
276	0.903764398082225
277	0.903473216415106
278	0.903190633437442
279	0.902933849698517
280	0.902717193798967
281	0.902551426554904
282	0.902443319111575
283	0.902395512524324
284	0.902406648227128
285	0.902471742253403
286	0.902582762295725
287	0.902729356542198
288	0.902899677074265
289	0.903081238545019
290	0.90326175479267
291	0.903429901636982
292	0.903575962710013
293	0.90369232593446
294	0.903773810269798
295	0.903817814709692
296	0.903824293405312
297	0.903795571479162
298	0.903736025002631
299	0.903651655337618
300	0.903549592366498
301	0.90343756299493
302	0.903323360792259
303	0.903214349947014
304	0.9031170321812
305	0.903036699289633
306	0.902977187008011
307	0.902940738452895
308	0.902927977908604
309	0.902937988724911
310	0.902968482947692
311	0.903016045366954
312	0.903076431171899
313	0.90314489448138
314	0.903216524688833
315	0.903286568734341
316	0.903350719908862
317	0.903405357347647
318	0.903447724671061
319	0.903476040945784
320	0.903489541932135
321	0.903488454141562
322	0.903473908281053
323	0.90344780199263
324	0.903412624253781
325	0.903371255303184
326	0.903326756475782
327	0.903282163913706
328	0.903240298859974
329	0.903203605279465
330	0.903174023058184
331	0.903152902199539
332	0.903140960465337
333	0.903138283994721
334	0.903144367755595
335	0.903158190392794
336	0.903178316253582
337	0.90320301617203
338	0.90323039801491
339	0.903258538025826
340	0.903285604605345
341	0.903309967253386
342	0.903330284870748
343	0.903345569347406
344	0.903355222226392
345	0.903359044095706
346	0.903357218108324
347	0.903350270560424
348	0.903339012690014
349	0.903324468737291
350	0.903307795805155
351	0.90329020117071
352	0.903272862447414
353	0.903256855425245
354	0.903243093581943
355	0.903232282233242
356	0.903224889152061
357	0.903221132315475
358	0.903220984309857
359	0.903224191907091
360	0.903230308474412
361	0.903238736239136
362	0.903248775022876
363	0.903259673896784
364	0.903270682282642
365	0.903281097312481
366	0.903290304728033
367	0.903297811207688
368	0.903303266704327
369	0.903306476111711
370	0.903307400300764
371	0.903306147235153
372	0.903302954449852
373	0.903298164627765
374	0.903292196318271
375	0.90328551199909
376	0.903278585690044
377	0.903271872194808
378	0.903265779793027
379	0.903260647855082
380	0.90325673043422
381	0.903254186437051
382	0.903253076514625
383	0.903253366381815
384	0.903254935888158
385	0.903257592849392
386	0.903261090420222
387	0.903265146653967
388	0.903269464854997
389	0.903273753381287
390	0.90327774368681
391	0.903281205592764
392	0.903283959025254
393	0.903285881735671
394	0.903286912808942
395	0.903287052044876
396	0.903286355552157
397	0.903284928108835
398	0.903282913006893
399	0.903280480204976
400	-0.617855279898675
401	0.174282240191413
402	0.0790723206697229
403	-0.0161372945114015
404	-0.111345041614493
405	-0.206549612392082
406	0.612277815452239
407	0.610094724288911
408	0.583181364869341
409	0.641058057915923
410	0.754126734715738
411	0.779899590518537
412	0.761426267680653
413	0.688806359612338
414	0.650885824347677
415	0.623916059755699
416	0.568777548416381
417	0.50462992812623
418	0.478128008391226
419	0.459484379439294
420	0.45047141740846
421	0.444687292028081
422	0.450276339305214
423	0.472663251011171
424	0.498516962101016
425	0.523254725429703
426	0.545529977204015
427	0.565992973709905
428	0.58275030530369
429	0.591883242444578
430	0.593612755205345
431	0.589772860991687
432	0.581920015695638
433	0.570837656480665
434	0.557340973674156
435	0.543136077022015
436	0.529899827950808
437	0.518673181360602
438	0.510020000046062
439	0.504365832397485
440	0.502043699098248
441	0.502988242936768
442	0.506678164370969
443	0.5123675382693
444	0.519281652367622
445	0.526657225709601
446	0.533737475032608
447	0.539861913423373
448	0.54457679177532
449	0.547657659743918
450	0.549064728367293
451	0.548901785163381
452	0.547399774831067
453	0.54489019086397
454	0.541753283107517
455	0.538365956923949
456	0.535069832755451
457	0.532153915318098
458	0.529838227311185
459	0.528258657145073
460	0.527462384632891
461	0.527416247052915
462	0.52802197477367
463	0.529133140638458
464	0.530573783428648
465	0.532159212145731
466	0.533716192157528
467	0.535098705293841
468	0.536197893141046
469	0.53694698759719
470	0.537321999212728
471	0.537338267989687
472	0.537043387616298
473	0.536507917544851
474	0.535815459309625
475	0.535053114887415
476	0.534302905919669
477	0.533634711461502
478	0.533101270969775
479	0.532735513609669
480	0.532550106259515
481	0.532538916344257
482	0.532680032388905
483	0.532939915220728
484	0.533278148605782
485	0.533652224880136
486	0.534021882504783
487	0.53435264631504
488	0.534618344996731
489	0.534802494618435
490	0.534898560681101
491	0.534909230084021
492	0.534844907710701
493	0.534721690752865
494	0.53455908136747
495	0.534377686816976
496	0.534197125974174
497	0.534034311760811
498	0.533902218882055
499	0.533809185974273
500	0.533758746709491
501	0.533749936912987
502	0.533777986518994
503	0.533835279903505
504	0.533912457825125
505	0.533999537684666
506	0.534086943275138
507	0.534166357926931
508	0.534231343226769
509	0.534277695913723
510	0.534303544501417
511	0.534309211791527
512	0.53429688806797
513	0.53427017161171
514	0.53423353805496
515	0.534191798426228
516	0.53414959860903
517	0.534111001857577
518	0.534079182588751
519	0.53405624542365
520	0.534043169780075
521	0.53403986842439
522	0.534045339174637
523	0.534057882918761
524	0.534075358410979
525	0.534095444757158
526	0.534115885653648
527	0.534134694652709
528	0.534150307216683
529	0.53416167229505
530	0.534168282881578
531	0.534170150876188
532	0.534167736143629
533	0.534161842668763
534	0.534153496083031
535	0.534143816672794
536	0.534133900504267
537	0.53412471882923
538	0.534117042837748
539	0.534111397475492
540	0.534108044793474
541	0.534106994440235
542	0.53410803665759
543	0.534110791632033
544	0.534114768329068
545	0.534119425961299
546	0.534124231910887
547	0.534128711093077
548	0.534132483232602
549	0.534135286145104
550	0.534136984699155
551	0.534137566535557
552	0.53413712673083
553	0.534135844345145
554	0.534133954168112
555	0.534131716984889
556	0.534129391378129
557	0.534127209530185
558	0.534125358779675
559	0.534123969905693
560	0.534123112344945
561	0.534122795862857
562	0.534122977652766
563	0.534123573460966
564	0.534124471142453
565	0.534125545036308
566	0.534126669688549
567	0.534127731710003
568	0.53412863889649
569	0.53412932611535
570	0.534129757835464
571	0.534129927512473
572	0.534129854310379
573	0.534129577828373
574	0.534129151600766
575	0.534128636150832
576	0.534128092316631
577	0.534127575444552
578	0.534127130883965
579	0.534126791034866
580	0.534126574019392
581	0.534126483884704
582	0.534126512112116
583	0.534126640113844
584	0.534126842348035
585	0.534127089673797
586	0.534127352596101
587	0.534127604107921
588	0.534127821914471
589	0.534127989911919
590	0.5341280988807
591	0.534128146433365
592	0.534128136322137
593	0.534128077257888
594	0.534127981418124
595	0.534127862827146
596	0.534127735779056
597	0.534127613447237
598	0.53412750678699
599	0.534127423795861
600	-0.675578569090155
601	-0.0227659063071394
602	-0.109087857388778
603	-0.195409785398914
604	-0.28173169652338
605	-0.36805359767794
606	0.0448098067908408
607	0.0120445083560231
608	-0.0371446588587652
609	-0.0496602282627704
610	-0.0621513703291247
611	-0.0870253590753209
612	-0.102568792337852
613	-0.116981764359449
614	-0.113809991272451
615	-0.106233261513382
616	-0.0998753277698663
617	-0.0936579708886145
618	-0.087738474798146
619	-0.0828132420585034
620	-0.0791858521187017
621	-0.0772735278603892
622	-0.0763615315639583
623	-0.0759270065764119
624	-0.075815459700493
625	-0.075908901498156
626	-0.0760794356034063
627	-0.0762047365559141
628	-0.0762117712353599
629	-0.0761138800881739
630	-0.07593913751633
631	-0.0757049567015242
632	-0.0754272183537142
633	-0.0751244122541875
634	-0.0748153688862598
635	-0.0745130496802423
636	-0.0742225619716487
637	-0.0739452792913666
638	-0.0736813449722603
639	-0.0734299332000635
640	-0.0731892555982443
641	-0.0729570596910837
642	-0.0727313884750968
643	-0.0725109066263982
644	-0.0722947511312581
645	-0.0720823640357451
646	-0.0718734383450508
647	-0.0716678861178091
648	-0.0714657629872647
649	-0.0712671725417038
650	-0.0710722070131696
651	-0.0708809307941824
652	-0.0706933781744192
653	-0.0705095510274051
654	-0.0703294191589299
655	-0.0701529270150089
656	-0.0699800038370714
657	-0.0698105720047612
658	-0.0696445520041949
659	-0.0694818654280569
660	-0.0693224370749074
661	-0.0691661961201317
662	-0.0690130762076702
663	-0.0688630148142743
664	-0.0687159524357359
665	-0.0685718318788752
666	-0.0684305976788214
667	-0.0682921956214933
668	-0.0681565723981054
669	-0.0680236754125654
670	-0.0678934527133267
671	-0.0677658529962711
672	-0.0676408256393765
673	-0.0675183207508258
674	-0.0673982892197574
675	-0.0672806827592907
676	-0.0671654539348214
677	-0.0670525561767778
678	-0.0669419437811019
679	-0.0668335719011832
680	-0.0667273965340561
681	-0.0666233745031825
682	-0.0665214634399425
683	-0.0664216217654601
684	-0.0663238086736187
685	-0.0662279841154992
686	-0.0661341087851726
687	-0.0660421441066619
688	-0.0659520522218295
689	-0.0658637959789065
690	-0.0657773389214086
691	-0.0656926452772477
692	-0.0656096799479285
693	-0.0655284084977699
694	-0.0654487971431287
695	-0.0653708127416292
696	-0.0652944227814216
697	-0.0652195953704953
698	-0.0651462992260783
699	-0.0650745036641422
700	-0.065004178589032
701	-0.0649352944832287
702	-0.0648678223972548
703	-0.0648017339397212
704	-0.0647370012675164
705	-0.0646735970761372
706	-0.0646114945901555
707	-0.064550667553822
708	-0.0644910902218025
709	-0.0644327373500451
710	-0.0643755841867791
711	-0.0643196064636419
712	-0.0642647803869356
713	-0.064211082629011
714	-0.0641584903197804
715	-0.0641069810383571
716	-0.0640565328048221
717	-0.0640071240721166
718	-0.0639587337180605
719	-0.0639113410374947
720	-0.0638649257345487
721	-0.0638194679150283
722	-0.0637749480789279
723	-0.0637313471130608
724	-0.0636886462838106
725	-0.0636468272300002
726	-0.0636058719558775
727	-0.0635657628242181
728	-0.0635264825495409
729	-0.0634880141914394
730	-0.0634503411480225
731	-0.0634134471494683
732	-0.063377316251687
733	-0.0633419328300906
734	-0.0633072815734723
735	-0.0632733474779887
736	-0.0632401158412485
737	-0.0632075722565033
738	-0.0631757026069397
739	-0.0631444930600728
740	-0.0631139300622377
741	-0.0630840003331786
742	-0.063054690860736
743	-0.0630259888956257
744	-0.0629978819463145
745	-0.062970357773986
746	-0.0629434043875985
747	-0.0629170100390321
748	-0.0628911632183241
749	-0.0628658526489915
750	-0.0628410672834384
751	-0.0628167962984494
752	-0.0627930290907641
753	-0.0627697552727344
754	-0.0627469646680627
755	-0.0627246473076178
756	-0.0627027934253306
757	-0.0626813934541646
758	-0.062660438022164
759	-0.0626399179485733
760	-0.0626198242400332
761	-0.0626001480868454
762	-0.0625808808593097
763	-0.0625620141041298
764	-0.0625435395408881
765	-0.0625254490585867
766	-0.0625077347122557
767	-0.0624903887196243
768	-0.0624734034578581
769	-0.0624567714603574
770	-0.0624404854136177
771	-0.0624245381541503
772	-0.0624089226654629
773	-0.0623936320750982
774	-0.0623786596517302
775	-0.0623639988023163
776	-0.0623496430693055
777	-0.0623355861278999
778	-0.0623218217833714
779	-0.0623083439684283
780	-0.0622951467406363
781	-0.0622822242798868
782	-0.0622695708859184
783	-0.0622571809758838
784	-0.0622450490819669
785	-0.0622331698490458
786	-0.0622215380324017
787	-0.0622101484954738
788	-0.0621989962076583
789	-0.0621880762421506
790	-0.0621773837738308
791	-0.0621669140771905
792	-0.062156662524302
793	-0.0621466245828261
794	-0.0621367958140619
795	-0.0621271718710324
796	-0.0621177484966117
797	-0.062108521521687
798	-0.0620994868633583
799	-0.062090640523175
800	-0.0620819785854053
