1	0
2	0
3	0
4	0
5	0
6	0
7	0
8	0
9	0
10	0
11	0
12	0
13	0
14	0
15	0
16	0
17	0
18	0
19	0
20	0
21	0
22	0
23	0
24	0
25	0
26	0
27	0
28	0
29	0
30	0
31	0
32	0
33	0
34	0
35	0
36	0
37	0
38	0
39	0
40	0
41	0
42	0
43	0
44	0
45	0
46	0
47	0
48	0
49	0
50	0
51	0
52	0
53	0
54	0
55	0
56	0
57	0
58	0
59	0
60	0
61	0
62	0
63	0
64	0
65	0
66	0
67	0
68	0
69	0
70	0
71	0
72	0
73	0
74	0
75	0
76	0
77	0
78	0
79	0
80	0
81	0
82	0
83	0
84	0
85	0
86	0
87	0
88	0
89	0
90	0
91	0
92	0
93	0
94	0
95	0
96	0
97	0
98	0
99	0
100	0
101	0
102	0
103	0
104	0
105	0
106	0
107	0
108	0
109	0
110	0
111	0
112	0
113	0
114	0
115	0
116	0
117	0
118	0
119	0
120	0
121	0
122	0
123	0
124	0
125	0
126	0
127	0
128	0
129	0
130	0
131	0
132	0
133	0
134	0
135	0
136	0
137	0
138	0
139	0
140	0
141	0
142	0
143	0
144	0
145	0
146	0
147	0
148	0
149	0
150	0
151	0
152	0
153	0
154	0
155	0
156	0
157	0
158	0
159	0
160	0
161	0
162	0
163	0
164	0
165	0
166	0
167	0
168	0
169	0
170	0
171	0
172	0
173	0
174	0
175	0
176	0
177	0
178	0
179	0
180	0
181	0
182	0
183	0
184	0
185	0
186	0
187	0
188	0
189	0
190	0
191	0
192	0
193	0
194	0
195	0
196	0
197	0
198	0
199	0
200	0
201	0
202	0
203	0
204	0
205	0
206	0.296172333333333
207	0.976767239603993
208	1.82903636821462
209	2.7330616081911
210	3.62329004754893
211	4.46579896455631
212	5.24486970044645
213	5.95508160680402
214	6.59663784153685
215	7.17245079866456
216	7.67907498664623
217	8.07720638263025
218	8.35869894845421
219	8.55526411068484
220	8.69667970193781
221	8.80150298355503
222	8.88258952767124
223	8.95894127947626
224	9.0503175869401
225	9.16591434841919
226	9.30409394616523
227	9.45332641857613
228	9.6037840564735
229	9.74940364814909
230	9.88307662003742
231	9.99811728764891
232	10.0889240635729
233	10.1526574075358
234	10.1885214481029
235	10.1957269169904
236	10.1734689845851
237	10.1219932807875
238	10.0441569890419
239	9.94622702818766
240	9.83764573414989
241	9.73045911037438
242	9.63826865624597
243	9.57445107209708
244	9.54853999829477
245	9.56131262199848
246	9.60846114519551
247	9.68291920281273
248	9.77617157411525
249	9.87958445120806
250	9.98524192549992
251	10.0865111036285
252	10.1750959914412
253	10.2425867717808
254	10.2831021615634
255	10.2929743779479
256	10.2698749588331
257	10.2125944489629
258	10.1226037591793
259	10.0058495283588
260	9.87294018358544
261	9.73810906342417
262	9.61767962376768
263	9.52821088761925
264	9.48383339217726
265	9.48924548688526
266	9.53964119354635
267	9.62540789604783
268	9.73533660990592
269	9.85855577458445
270	9.98542473700638
271	10.1079288673919
272	10.2150212902929
273	10.296806855319
274	10.3471982661758
275	10.3626861411959
276	10.3409204411921
277	10.2802179596363
278	10.1818608110709
279	10.0522438125004
280	9.90292215758015
281	9.74940159477123
282	9.60956196388009
283	9.50191348918767
284	9.44274721325545
285	9.44212374334506
286	9.49516744190095
287	9.58966698232004
288	9.71209219126291
289	9.8498455794081
290	9.99214783352378
291	10.1299935372977
292	10.2478389400387
293	10.3349513731699
294	10.3864221614741
295	10.3998428869216
296	10.3735861230932
297	10.3061623710087
298	10.1999112661011
299	10.0627601166342
300	9.90739175569294
301	9.74985264881271
302	9.60810966256169
303	9.50056760980313
304	9.44303725506665
305	9.44477647850457
306	9.50363853839403
307	9.60635275005349
308	9.73738713244291
309	9.88320710647884
310	10.0326802577488
311	10.1715343987522
312	10.2857915273539
313	10.3664210415905
314	10.4091775596771
315	10.4123405956821
316	10.3747409337751
317	10.2968223772741
318	10.1829615275866
319	10.0424179841556
320	9.88861812354163
321	9.73770337292914
322	9.60714990849302
323	9.51384373759047
324	9.47103854606342
325	9.4850825753675
326	9.55383416106859
327	9.66430695276507
328	9.80053987692352
329	9.94893486873364
330	10.0956011703955
331	10.2263111073154
332	10.3289830702552
333	10.3959547092787
334	10.4238301798375
335	10.4113597715842
336	10.3585273503275
337	10.2675652242971
338	10.1446625840341
339	10.0005648191802
340	9.8495769039609
341	9.70802814353389
342	9.59264355858096
343	9.51837816706979
344	9.49551009610151
345	9.52703263618396
346	9.60808375256576
347	9.7266436596764
348	9.86733478364124
349	10.014437814952
350	10.1536636268147
351	10.2723999569435
352	10.3606681306166
353	10.4121693662454
354	10.4240905313394
355	10.3960364293077
356	10.3293333905663
357	10.2277986249205
358	10.099114208303
359	9.9551089809624
360	9.81061549447523
361	9.68171112456447
362	9.5838666891954
363	9.52972621800423
364	9.52649647352579
365	9.57411482243036
366	9.6655441283207
367	9.78891295022647
368	9.92994869646201
369	10.0737928744914
370	10.2064095890911
371	10.31591717884
372	10.3936100974789
373	10.4342011952359
374	10.4352329626278
375	10.3962932627153
376	10.3190166894601
377	10.2081231970639
378	10.0724225157602
379	9.92465525496999
380	9.78022254685073
381	9.65546356848694
382	9.56567928675585
383	9.52266417079769
384	9.53207938389862
385	9.59203653363756
386	9.69395392952397
387	9.82495164693014
388	9.97021376439227
389	10.1146998012018
390	10.2445477574216
391	10.3483903041517
392	10.4182353836312
393	10.4494798768311
394	10.4401615369272
395	10.3902579664901
396	10.3020036188307
397	10.1811290145737
398	10.0376867625039
399	9.88554356127228
400	9.74089241595693
401	9.62044153741635
402	9.53929592520776
403	9.50828612203197
404	9.53136935220845
405	9.60468699412666
406	6.97085784863354
407	5.11864603385974
408	4.02469383456109
409	3.30233800709198
410	2.73879298298496
411	2.23012789016739
412	2.12782709119647
413	2.42058065126512
414	2.79534988576163
415	3.12891661808367
416	3.45775103438925
417	3.83611322988587
418	4.21425821859799
419	4.48254979520665
420	4.60762523477121
421	4.618914298495
422	4.53749286602464
423	4.36462644857241
424	4.13701531978413
425	3.92734057013397
426	3.77852221153918
427	3.69371603341385
428	3.65692424618137
429	3.64926688526069
430	3.65636569140462
431	3.67030622899307
432	3.6860659779456
433	3.69963198546165
434	3.70898807775516
435	3.71458972136364
436	3.7184533639502
437	3.72269968677445
438	3.72907875720933
439	3.73917460320737
440	3.75429088399681
441	3.77504828991025
442	3.80117429206133
443	3.83168363489777
444	3.86516963706269
445	3.89996325270706
446	3.93424560617799
447	3.9662447877591
448	3.99448642610809
449	4.01797611094237
450	4.03626423074543
451	4.04943227015555
452	4.05802747929478
453	4.06293508270254
454	4.06519260293565
455	4.06579388677264
456	4.06553892479688
457	4.06495439691556
458	4.06428028641184
459	4.06350851270455
460	4.06245785317646
461	4.06086520992839
462	4.05847134606885
463	4.05508524478433
464	4.05062114261396
465	4.04510935750024
466	4.03868526250607
467	4.03156279887735
468	4.02400062784007
469	4.01626897972884
470	4.00862295032547
471	4.00128479541415
472	3.99443520427571
473	3.98821197664725
474	3.982713715211
475	3.97800594911474
476	3.97412752245162
477	3.97109589660875
478	3.96891084061014
479	3.96755657137486
480	3.96700274532583
481	3.96720486630296
482	3.96810469221808
483	3.96963110711083
484	3.97170172713397
485	3.97422530088588
486	3.97710479248994
487	3.98024091122977
488	3.98353577607622
489	3.98689638257378
490	3.99023757380014
491	3.9934842940676
492	3.99657300404396
493	3.99945224123695
494	4.00208240643437
495	4.00443493268558
496	4.00649103917361
497	4.0082402839115
498	4.00967910954719
499	4.01080953359215
500	4.01163807819565
501	4.01217497561799
502	4.01243363328817
503	4.01243030380826
504	4.01218388395874
505	4.01171576248076
506	4.01104964618756
507	4.01021131321265
508	4.00922826582796
509	4.00812927853416
510	4.00694385643071
511	4.00570163213313
512	4.00443173616298
513	4.00316217644857
514	4.00191925876701
515	4.00072707338058
516	3.99960706546202
517	3.99857769950661
518	3.99765422165075
519	3.99684851902708
520	3.9961690719616
521	3.99562099268655
522	3.99520614292022
523	3.99492332177861
524	3.99476851475545
525	3.99473519378764
526	3.99481465769364
527	3.99499640161189
528	3.99526850360694
529	3.99561801649695
530	3.99603135329733
531	3.99649465552822
532	3.99699413498244
533	3.99751638131515
534	3.9980486298626
535	3.99857898626119
536	3.99909660654708
537	3.99959183331713
538	4.00005629010362
539	4.00048293728495
540	4.00086609360034
541	4.00120142768233
542	4.00148592402798
543	4.00171782758493
544	4.00189657072576
545	4.00202268591571
546	4.00209770692113
547	4.00212406101401
548	4.00210495433241
549	4.00204425236574
550	4.00194635743658
551	4.00181608502261
552	4.00165854077275
553	4.00147900008921
554	4.00128279214362
555	4.00107519015025
556	4.00086130962008
557	4.00064601616142
558	4.0004338441794
559	4.00022892756615
560	4.00003494317764
561	3.99985506757596
562	3.99969194719093
563	3.99954768173494
564	3.99942382040228
565	3.99932137010735
566	3.99924081477319
567	3.99918214447873
568	3.99914489311354
569	3.99912818307503
570	3.99913077547589
571	3.99915112430825
572	3.99918743303264
573	3.99923771212198
574	3.99929983618724
575	3.99937159943692
576	3.99945076837152
577	3.99953513077726
578	3.99962254025734
579	3.99971095571332
580	3.99979847536213
581	3.99988336503697
582	3.99996408067238
583	4.00003928500954
584	4.00010785867795
585	4.0001689059115
586	4.00022175524193
587	4.0002659555807
588	4.00030126815285
589	4.00032765478474
590	4.00034526307282
591	4.00035440897453
592	4.00035555736604
593	4.00034930110576
594	4.0003363391287
595	4.00031745407538
596	4.00029348993069
597	4.0002653301139
598	4.00023387642147
599	4.00020002917998
600	4.0001646689185
601	4.00012863981888
602	4.00009273514949
603	4.00005768483428
604	4.00002414525551
605	3.99999269133618
606	2.8731614906027
607	1.98118809365545
608	1.37825617260052
609	0.941269486713176
610	0.618484159818595
611	0.37981459513718
612	0.197614143377277
613	0.096012481470031
614	0.0384520437588014
615	0.00410560855425896
616	-0.0147474473289735
617	-0.0229130978011708
618	-0.0234714145453035
619	-0.0213616302521409
620	-0.0202639648259073
621	-0.020362789168269
622	-0.0213371268899281
623	-0.023076488656307
624	-0.0255573920332319
625	-0.0285839966767098
626	-0.031744730033002
627	-0.0347318352530478
628	-0.0374457472482209
629	-0.0398729638904132
630	-0.0420154459333086
631	-0.0438858702574166
632	-0.0455243270420418
633	-0.0469908306519828
634	-0.0483397163323723
635	-0.0496088882460902
636	-0.0508239277187406
637	-0.0520029360185112
638	-0.0531575782314377
639	-0.0542929380739937
640	-0.0554092330272231
641	-0.05650457390277
642	-0.0575767237688254
643	-0.0586236592628286
644	-0.059643740899179
645	-0.0606359170445188
646	-0.0615998573703938
647	-0.062535866512621
648	-0.0634446662238704
649	-0.0643272036502441
650	-0.0651845321165588
651	-0.0660177316226812
652	-0.0668278449258535
653	-0.0676158349042714
654	-0.0683825705289476
655	-0.0691288333026937
656	-0.0698553307056557
657	-0.0705627097125462
658	-0.0712515694867588
659	-0.0719224730967522
660	-0.0725759570034376
661	-0.0732125374075159
662	-0.0738327138362767
663	-0.0744369709687093
664	-0.0750257794533351
665	-0.0755995961026897
666	-0.0761588637383825
667	-0.076704010962279
668	-0.0772354520519028
669	-0.0777535870456696
670	-0.0782588019972287
671	-0.0787514693588145
672	-0.0792319484583975
673	-0.0797005860355172
674	-0.0801577167994849
675	-0.0806036639802752
676	-0.0810387398544409
677	-0.0814632462384533
678	-0.0818774749473847
679	-0.0822817082197197
680	-0.0826762191111246
681	-0.0830612718612715
682	-0.0834371222379726
683	-0.0838040178622277
684	-0.0841621985169339
685	-0.0845118964412982
686	-0.0848533366124347
687	-0.0851867370151672
688	-0.0855123089007098
689	-0.0858302570346879
690	-0.0861407799348689
691	-0.0864440700989431
692	-0.0867403142226941
693	-0.0870296934089133
694	-0.0873123833674294
695	-0.0875885546066393
696	-0.087858372616933
697	-0.0881219980464021
698	-0.08837958686921
699	-0.0886312905469871
700	-0.0888772561835957
701	-0.0891176266735892
702	-0.0893525408446704
703	-0.0895821335944368
704	-0.0898065360216786
705	-0.0900258755524861
706	-0.090240276061402
707	-0.0904498579878453
708	-0.0906547384480203
709	-0.0908550313425125
710	-0.0910508474597648
711	-0.0912422945756147
712	-0.0914294775490688
713	-0.0916124984144767
714	-0.0917914564702645
715	-0.0919664483643744
716	-0.0921375681765545
717	-0.0923049074976331
718	-0.0924685555059061
719	-0.0926285990407596
720	-0.0927851226736454
721	-0.0929382087765187
722	-0.0930879375878446
723	-0.0932343872762741
724	-0.0933776340020846
725	-0.0935177519764774
726	-0.0936548135188185
727	-0.0937888891119061
728	-0.0939200474553445
729	-0.0940483555170998
730	-0.0941738785833083
731	-0.09429668030641
732	-0.0944168227516685
733	-0.0945343664421446
734	-0.0946493704021802
735	-0.0947618921994524
736	-0.0948719879856513
737	-0.0949797125358344
738	-0.0950851192865084
739	-0.0951882603724855
740	-0.0952891866625604
741	-0.0953879477940529
742	-0.0954845922062572
743	-0.0955791671728382
744	-0.0956717188332141
745	-0.0957622922229625
746	-0.0958509313032838
747	-0.0959376789895582
748	-0.0960225771790269
749	-0.0961056667776299
750	-0.09618698772603
751	-0.0962665790248517
752	-0.0963444787591624
753	-0.0964207241222232
754	-0.0964953514385332
755	-0.0965683961861929
756	-0.0966398930186102
757	-0.0967098757855707
758	-0.0967783775536936
759	-0.0968454306262961
760	-0.0969110665626831
761	-0.0969753161968846
762	-0.097038209655856
763	-0.0970997763771627
764	-0.0971600451261621
765	-0.0972190440127027
766	-0.0972768005073543
767	-0.0973333414571849
768	-0.0973886931010992
769	-0.0974428810847522
770	-0.0974959304750523
771	-0.0975478657742663
772	-0.0975987109337386
773	-0.0976484893672383
774	-0.0976972239639434
775	-0.0977449371010759
776	-0.097791650656197
777	-0.0978373860191731
778	-0.0978821641038236
779	-0.097926005359259
780	-0.0979689297809198
781	-0.0980109569213244
782	-0.0980521059005351
783	-0.098092395416351
784	-0.0981318437542353
785	-0.0981704687969852
786	-0.0982082880341522
787	-0.0982453185712198
788	-0.0982815771385457
789	-0.0983170801000757
790	-0.0983518434618355
791	-0.0983858828802075
792	-0.0984192136699974
793	-0.0984518508122987
794	-0.0984838089621585
795	-0.0985151024560522
796	-0.0985457453191714
797	-0.0985757512725308
798	-0.0986051337398981
799	-0.0986339058545541
800	-0.0986620804658847
