1	0
2	0
3	0
4	0
5	0
6	0
7	0
8	0
9	0
10	0
11	0
12	0
13	0
14	0
15	0
16	0
17	0
18	0
19	0
20	0
21	0
22	0
23	0
24	0
25	0
26	0
27	0
28	0
29	0
30	0
31	0
32	0
33	0
34	0
35	0
36	0
37	0
38	0
39	0
40	0
41	0
42	0
43	0
44	0
45	0
46	0
47	0
48	0
49	0
50	0
51	0
52	0
53	0
54	0
55	0
56	0
57	0
58	0
59	0
60	0
61	0
62	0
63	0
64	0
65	0
66	0
67	0
68	0
69	0
70	0
71	0
72	0
73	0
74	0
75	0
76	0
77	0
78	0
79	0
80	0
81	0
82	0
83	0
84	0
85	0
86	0
87	0
88	0
89	0
90	0
91	0
92	0
93	0
94	0
95	0
96	0
97	0
98	0
99	0
100	0
101	0
102	0
103	0
104	0
105	0
106	0
107	0
108	0
109	0
110	0
111	0
112	0
113	0
114	0
115	0
116	0
117	0
118	0
119	0
120	0
121	0
122	0
123	0
124	0
125	0
126	0
127	0
128	0
129	0
130	0
131	0
132	0
133	0
134	0
135	0
136	0
137	0
138	0
139	0
140	0
141	0
142	0
143	0
144	0
145	0
146	0
147	0
148	0
149	0
150	0
151	0
152	0
153	0
154	0
155	0
156	0
157	0
158	0
159	0
160	0
161	0
162	0
163	0
164	0
165	0
166	0
167	0
168	0
169	0
170	0
171	0
172	0
173	0
174	0
175	0
176	0
177	0
178	0
179	0
180	0
181	0
182	0
183	0
184	0
185	0
186	0
187	0
188	0
189	0
190	0
191	0
192	0
193	0
194	0
195	0
196	0
197	0
198	0
199	0
200	0
201	0
202	0
203	0
204	0
205	0
206	0.291662361783163
207	0.960272889492056
208	1.79660679145842
209	2.68438591341991
210	3.56018107749652
211	4.39125166544977
212	5.16221083995664
213	5.86654993776896
214	6.49603133627182
215	7.05433465107579
216	7.53779222232968
217	7.94218731268159
218	8.24882338855133
219	8.44907144420777
220	8.55662286677924
221	8.61000909237782
222	8.65055409603134
223	8.70755782946827
224	8.78678897320375
225	8.89191344614864
226	9.01592385180656
227	9.14837545224675
228	9.28201161519372
229	9.41299034892339
230	9.53980270779389
231	9.66212876757445
232	9.77551637359544
233	9.88412639056255
234	9.98153422450779
235	10.0748554975755
236	10.1462866952721
237	10.1955190405864
238	10.2267926228042
239	10.234735599428
240	10.213557876475
241	10.1534262698674
242	10.0550235894167
243	9.92429184098296
244	9.7663243261947
245	9.59138718698851
246	9.41694349741149
247	9.26880580436818
248	9.17512665201801
249	9.16091784239033
250	9.22767022927847
251	9.34421897893568
252	9.4817599803597
253	9.62355643692395
254	9.76045488471986
255	9.88842707452272
256	10.0065921927963
257	10.1152730152956
258	10.1931064914425
259	10.2385627047038
260	10.2545422615756
261	10.237796889996
262	10.1813558499884
263	10.0764921089001
264	9.92894496920804
265	9.7512892011565
266	9.55664697660989
267	9.36260415182314
268	9.19386562103464
269	9.08313148707127
270	9.06188339902555
271	9.13148686027263
272	9.25683403595606
273	9.40583208690266
274	9.55977635031571
275	9.708405147769
276	9.84725651999996
277	9.97548221359466
278	10.0936039576025
279	10.1845433976638
280	10.2474272145345
281	10.2840233774371
282	10.2899142639484
283	10.2568155890574
284	10.174546116332
285	10.0445059260251
286	9.87391136818313
287	9.6714720822059
288	9.45169488705244
289	9.23840716051944
290	9.06445239882654
291	8.96440759405229
292	8.96881833167619
293	9.06340552246414
294	9.20829081428822
295	9.37272983725086
296	9.53893321344586
297	9.69755704886949
298	9.84507434643383
299	9.98124994385461
300	10.1068144112731
301	10.2011305760961
302	10.2639277408036
303	10.2983268109201
304	10.2999082780924
305	10.2596608880716
306	10.1664604764783
307	10.023324833994
308	9.83958181356065
309	9.62521321261022
310	9.39603217844439
311	9.17784912591268
312	9.00608135539786
313	8.91689685434499
314	8.94106778672964
315	9.05376750835228
316	9.21221773062826
317	9.3872289568784
318	9.56210737165813
319	9.72831092442102
320	9.8827554881114
321	10.0252458354377
322	10.156169967079
323	10.2475920474602
324	10.2981768742623
325	10.3122607381951
326	10.2857758675488
327	10.2097611782038
328	10.0732926851484
329	9.88506003990254
330	9.66220449396482
331	9.42182296961844
332	9.18640333365742
333	8.9875259761162
334	8.86562853955775
335	8.85789101627236
336	8.95523920565476
337	9.11377467509274
338	9.29735510263204
339	9.48518373661012
340	9.66614211178531
341	9.83544133057826
342	9.99193182855217
343	10.1358607675219
344	10.2431443389853
345	10.3123634415894
346	10.346292515785
347	10.3396340505607
348	10.2823377071859
349	10.162244816749
350	9.98399321290933
351	9.76019422286891
352	9.50485550683328
353	9.23895862610691
354	8.99456236670568
355	8.8136996621695
356	8.73773938213615
357	8.79500736057168
358	8.94328898276848
359	9.1333431068695
360	9.33664710950845
361	9.53734362754118
362	9.72760285800753
363	9.90444426563106
364	10.0672956077343
365	10.2046093683774
366	10.3158020613738
367	10.3997474202445
368	10.4484024995592
369	10.4494902485157
370	10.3888045018928
371	10.2600183197581
372	10.0616782018033
373	9.79647878241673
374	9.47724772622606
375	9.13139430591831
376	8.80138797223191
377	8.53596598492498
378	8.38389888864643
379	8.39108234233756
380	8.52841172868466
381	8.73591441906425
382	8.9712082970136
383	9.2108146872771
384	9.44285409314146
385	9.66160222856722
386	9.86433373726751
387	10.0500654781725
388	10.2111228991847
389	10.3504662738314
390	10.4667461971326
391	10.5490606192971
392	10.5816848613527
393	10.5475069769503
394	10.4352658519239
395	10.2358235043999
396	9.94399140735756
397	9.56756440262524
398	9.13355368669239
399	8.68879308079801
400	8.29171839782485
401	8.00410171198259
402	7.88752769596697
403	7.96550800071645
404	8.17302474139585
405	8.44130722605282
406	6.36036845959764
407	4.68659462461743
408	3.40464927867588
409	2.42875346314818
410	1.69690613393976
411	1.15459327026299
412	0.871594108029333
413	1.02070013980971
414	1.39735677540518
415	1.93221462112764
416	2.59748460501516
417	3.34591014343753
418	4.12206299102504
419	4.78695978712394
420	5.22435686174884
421	5.42115511571138
422	5.42059580460287
423	5.2603716224069
424	4.9562283036424
425	4.59634150673787
426	4.27403830098212
427	4.02204033401467
428	3.83445483604173
429	3.6979407117003
430	3.61002119331976
431	3.56697695419799
432	3.55407794271573
433	3.55577386802478
434	3.56527971786943
435	3.58311902896108
436	3.60896054243639
437	3.63986913035031
438	3.67519613487752
439	3.71790667393641
440	3.77093195342054
441	3.83413365412993
442	3.90524824322115
443	3.98199148392915
444	4.0618483546687
445	4.14075393347218
446	4.21320223219282
447	4.27377856817276
448	4.31827030689127
449	4.34363428066412
450	4.34787948064784
451	4.33054447770287
452	4.29314517751397
453	4.23889936678469
454	4.1719882298018
455	4.09700619580144
456	4.01871266686885
457	3.94179540826551
458	3.87055816497725
459	3.80870993411152
460	3.7593358665028
461	3.72490443633989
462	3.70717323156041
463	3.70703128212742
464	3.72438764680299
465	3.75813761703665
466	3.80617225114057
467	3.86542958109322
468	3.93203308367893
469	4.00154143018447
470	4.06927753339304
471	4.13068667789726
472	4.18169484998192
473	4.21904881641052
474	4.24060105876154
475	4.24548686289579
476	4.23415450908427
477	4.20824334094362
478	4.17033676237855
479	4.12363989990264
480	4.07164375533733
481	4.01783300926747
482	3.96547065809496
483	3.91746104163651
484	3.87627077134799
485	3.84388168655693
486	3.82175593967702
487	3.81080271630514
488	3.81134526669383
489	3.82309488622926
490	3.84514365188873
491	3.87598842556012
492	3.91359517680916
493	3.9555070657897
494	3.99899367664083
495	4.04123290662508
496	4.07951162934394
497	4.11142707670527
498	4.13506864093585
499	4.14915984802511
500	4.15314301452079
501	4.14719530372946
502	4.13217469770137
503	4.10950604563603
504	4.0810272175423
505	4.04881991002397
506	4.01504751829316
507	3.98181532160553
508	3.95105934317985
509	3.92446281441287
510	3.90339502165703
511	3.88886667504801
512	3.88149786420832
513	3.88149768942867
514	3.88865742104861
515	3.90236066963099
516	3.92161421560437
517	3.94510192753786
518	3.97126191807788
519	3.99838420964796
520	4.02472322616961
521	4.04861687513815
522	4.06860222330447
523	4.08351709337301
524	4.09257755552541
525	4.09542341498926
526	4.09212735687974
527	4.0831679726264
528	4.06937159252848
529	4.05183158520147
530	4.03181564168673
531	4.01067121990172
532	3.98973719406389
533	3.97026675251256
534	3.95336372044166
535	3.93993246541784
536	3.93064062750044
537	3.92589394187324
538	3.92582298448344
539	3.9302823109662
540	3.93886280807029
541	3.95091793011229
542	3.9656038161137
543	3.98193217903362
544	3.99883351937755
545	4.01522687602146
546	4.03009122338977
547	4.04253296313438
548	4.05184389696865
549	4.0575446934366
550	4.0594101701498
551	4.05747457759863
552	4.05201722929167
553	4.04353090976039
554	4.03267712325214
555	4.02023313813634
556	4.0070358467563
557	3.99392682717431
558	3.98170194798826
559	3.97106773005859
560	3.96260573356309
561	3.95674560864164
562	3.95374712913404
563	3.95369141863137
564	3.95648153183899
565	3.96185243972741
566	3.96939019947587
567	3.97855964710233
568	3.98873936777597
569	3.99926205594061
570	4.0094577787453
571	4.01869721032657
572	4.02643170568334
573	4.03222719627
574	4.03578933787281
575	4.03697809613296
576	4.03581093278016
577	4.03245482571431
578	4.02720836281996
579	4.02047594580832
580	4.01273662437258
581	4.00451022042637
582	3.99632323851825
583	3.9886766869151
584	3.98201746952317
585	3.97671455226353
586	3.97304072106167
587	3.97116044955563
588	3.9711241634199
589	3.97286898541404
590	3.97622583020038
591	3.98093246338462
592	3.98665183934266
593	3.99299470406579
594	3.99954512764252
595	4.00588736178604
596	4.01163224797363
597	4.01644137034033
598	4.02004727764853
599	4.02226839192323
600	4.02301765476014
601	4.02230448990969
602	4.02023021974288
603	4.01697759476496
604	4.01279551775157
605	4.00798032504745
606	2.92708183226174
607	2.05347247965729
608	1.43091806376201
609	0.970063329857717
610	0.628858262714139
611	0.377005557885522
612	0.172907822945461
613	0.0562307916498181
614	-0.011347433185731
615	-0.0603816335314481
616	-0.100726600202236
617	-0.134652048079717
618	-0.162758635257125
619	-0.183728137588455
620	-0.20160743632873
621	-0.216437346509126
622	-0.227855393174133
623	-0.236257506787625
624	-0.242308720135521
625	-0.246573556224522
626	-0.249700566433458
627	-0.251849723125006
628	-0.25325382306925
629	-0.254141188835925
630	-0.254660979581715
631	-0.254902974804314
632	-0.254934263670482
633	-0.254784933382073
634	-0.254497466206501
635	-0.254101691270753
636	-0.253616154013836
637	-0.253055168829466
638	-0.252430948440349
639	-0.251752404875764
640	-0.251027850551526
641	-0.25026237073245
642	-0.249459541540723
643	-0.248622161511121
644	-0.24775224182792
645	-0.246851057866377
646	-0.245919458946098
647	-0.24495781485112
648	-0.243966317667115
649	-0.242945004710135
650	-0.241893769765048
651	-0.24081241312204
652	-0.239700688450239
653	-0.238558317563024
654	-0.23738502458525
655	-0.236180539238481
656	-0.234944611316428
657	-0.233677025930733
658	-0.232377613722737
659	-0.231046258339997
660	-0.229682904608425
661	-0.228287564044223
662	-0.226860321419106
663	-0.225401339872557
664	-0.223910864959188
665	-0.222389228265549
666	-0.220836850585983
667	-0.219254244408498
668	-0.217642015936412
669	-0.216000866399567
670	-0.214331592814003
671	-0.212635088186206
672	-0.210912341101808
673	-0.20916443468503
674	-0.207392544941871
675	-0.205597938473816
676	-0.20378196958148
677	-0.201946076755084
678	-0.200091778563426
679	-0.198220668965564
680	-0.196334412072422
681	-0.194434736389411
682	-0.19252342857853
683	-0.190602326782545
684	-0.188673313561104
685	-0.186738308492775
686	-0.184799260500354
687	-0.182858139960371
688	-0.180916930660503
689	-0.178977621670324
690	-0.177042199191741
691	-0.175112638455327
692	-0.173190895727868
693	-0.171278900494783
694	-0.169378547878497
695	-0.167491691350444
696	-0.16562013579034
697	-0.163765630941704
698	-0.161929865307378
699	-0.160114460523226
700	-0.158320966242159
701	-0.156550855554521
702	-0.154805520964539
703	-0.153086270936273
704	-0.151394327016281
705	-0.149730821534202
706	-0.14809679587669
707	-0.146493199324723
708	-0.144920888439281
709	-0.143380626975858
710	-0.141873086304156
711	-0.140398846305809
712	-0.138958396719947
713	-0.137552138903963
714	-0.136180387974922
715	-0.134843375295658
716	-0.133541251268721
717	-0.132274088400935
718	-0.13104188460138
719	-0.129844566676047
720	-0.128681993983263
721	-0.127553962215121
722	-0.126460207271593
723	-0.125400409195672
724	-0.12437419613977
725	-0.123381148335612
726	-0.122420802042014
727	-0.121492653447145
728	-0.120596162504116
729	-0.119730756681034
730	-0.118895834608871
731	-0.118090769612725
732	-0.117314913114172
733	-0.116567597894479
734	-0.115848141210378
735	-0.115155847755968
736	-0.114490012466021
737	-0.113849923157565
738	-0.113234863008091
739	-0.11264411287007
740	-0.112076953422628
741	-0.111532667162371
742	-0.111010540236206
743	-0.11050986411991
744	-0.110029937146836
745	-0.109570065891775
746	-0.10912956641547
747	-0.108707765375651
748	-0.108304001010794
749	-0.107917624002991
750	-0.107547998226476
751	-0.10719450138843
752	-0.106856525568685
753	-0.106533477664943
754	-0.10622477974999
755	-0.105929869347318
756	-0.105648199631362
757	-0.105379239558392
758	-0.105122473933902
759	-0.104877403422073
760	-0.104643544502681
761	-0.104420429380541
762	-0.104207605852326
763	-0.104004637135337
764	-0.103811101662531
765	-0.103626592847839
766	-0.10345071882556
767	-0.103283102167358
768	-0.103123379580108
769	-0.102971201587647
770	-0.1028262321992
771	-0.102688148567047
772	-0.102556640635793
773	-0.102431410785374
774	-0.102312173469742
775	-0.102198654853013
776	-0.102090592444642
777	-0.10198773473507
778	-0.101889840833113
779	-0.101796680106216
780	-0.101708031824585
781	-0.101623684810056
782	-0.101543437090482
783	-0.101467095560276
784	-0.101394475647689
785	-0.101325400989281
786	-0.101259703111991
787	-0.101197221123106
788	-0.101137801408408
789	-0.101081297338663
790	-0.101027568984607
791	-0.100976482840515
792	-0.100927911556392
793	-0.100881733678799
794	-0.100837833400278
795	-0.100796100317329
796	-0.10075642919684
797	-0.100718719750873
798	-0.100682876419668
799	-0.100648808162724
800	-0.1006164282578
