1	0
2	0
3	0
4	0
5	0
6	0
7	0
8	0
9	0
10	0
11	0
12	0
13	0
14	0
15	0
16	0
17	0
18	0
19	0
20	0
21	0
22	0
23	0
24	0
25	0
26	0
27	0
28	0
29	0
30	0
31	0
32	0
33	0
34	0
35	0
36	0
37	0
38	0
39	0
40	0
41	0
42	0
43	0
44	0
45	0
46	0
47	0
48	0
49	0
50	0
51	0
52	0
53	0
54	0
55	0
56	0
57	0
58	0
59	0
60	0
61	0
62	0
63	0
64	0
65	0
66	0
67	0
68	0
69	0
70	0
71	0
72	0
73	0
74	0
75	0
76	0
77	0
78	0
79	0
80	0
81	0
82	0
83	0
84	0
85	0
86	0
87	0
88	0
89	0
90	0
91	0
92	0
93	0
94	0
95	0
96	0
97	0
98	0
99	0
100	0
101	0
102	0
103	0
104	0
105	0
106	0
107	0
108	0
109	0
110	0
111	0
112	0
113	0
114	0
115	0
116	0
117	0
118	0
119	0
120	0
121	0
122	0
123	0
124	0
125	0
126	0
127	0
128	0
129	0
130	0
131	0
132	0
133	0
134	0
135	0
136	0
137	0
138	0
139	0
140	0
141	0
142	0
143	0
144	0
145	0
146	0
147	0
148	0
149	0
150	0
151	0
152	0
153	0
154	0
155	0
156	0
157	0
158	0
159	0
160	0
161	0
162	0
163	0
164	0
165	0
166	0
167	0
168	0
169	0
170	0
171	0
172	0
173	0
174	0
175	0
176	0
177	0
178	0
179	0
180	0
181	0
182	0
183	0
184	0
185	0
186	0
187	0
188	0
189	0
190	0
191	0
192	0
193	0
194	0
195	0
196	0
197	0
198	0
199	0
200	0
201	0
202	0
203	0
204	0
205	0
206	0.296172333333333
207	0.973382156063913
208	1.82182156488822
209	2.72416736204721
210	3.61392073858711
211	4.45660639819261
212	5.22292316039579
213	5.90877840732812
214	6.51395573897119
215	7.04209999413308
216	7.50303755090122
217	7.91025076951746
218	8.25852640926537
219	8.56677776883254
220	8.83923728529371
221	9.07147633682253
222	9.27330880284537
223	9.44809259383961
224	9.59575974078449
225	9.71972443509631
226	9.82251710337005
227	9.90492834226048
228	9.96952730391904
229	10.0187894120388
230	10.054869565187
231	10.0794682564235
232	10.0939688705856
233	10.0999713045017
234	10.0990319085904
235	10.0925343365064
236	10.0817448894624
237	10.0678885595305
238	10.0521898202531
239	10.0357861086008
240	10.0196710839493
241	10.0046943548405
242	9.99156078444506
243	9.98081246269954
244	9.97280206739478
245	9.96768755667121
246	9.96544802082101
247	9.96590407421761
248	9.96873889904633
249	9.97352425331694
250	9.97975445088836
251	9.98688408718158
252	9.99436369660302
253	10.0016715972625
254	10.0083421088236
255	10.0139893507364
256	10.0183247034489
257	10.0211666685284
258	10.022443318705
259	10.0221881199416
260	10.0205298113243
261	10.0176771009366
262	10.013899377591
263	10.00950502238
264	10.0048189299741
265	10.0001606749027
266	9.9958245989287
267	9.99206294734833
268	9.98907294173268
269	9.9869883342068
270	9.98587562972295
271	9.9857348511268
272	9.98650445677726
273	9.98806978960671
274	9.99027425304294
275	9.99293229609543
276	9.99584325221431
277	9.9988051020759
278	10.001627306669
279	10.0041419772617
280	10.0062128059343
281	10.0077413621527
282	10.0086705527782
283	10.0089852325258
284	10.0087101292928
285	10.0079054049598
286	10.0066602986826
287	10.0050853897474
288	10.0033040672004
289	10.0014438030664
290	9.99962779688669
291	9.99796749565017
292	9.99655640125924
293	9.99546546551821
294	9.99474024918879
295	9.99439989595432
296	9.99443785260827
297	9.99482416078464
298	9.99550905891382
299	9.99642756983073
300	9.99750471168544
301	9.99866095777975
302	9.99981758331767
303	10.0009015710789
304	10.0018497998933
305	10.0026123049519
306	10.003154472454
307	10.0034581077699
308	10.0035213912853
309	10.0033578048888
310	10.0029941708592
311	10.0024679907126
312	10.0018243023813
313	10.0011122889796
314	10.0003818714742
315	9.99968050195423
316	9.99905034588374
317	9.9985260034301
318	9.99813287485363
319	9.9978862264285
320	9.9977909648063
321	9.99784208226052
322	9.99802569554261
323	9.99832056923591
324	9.99869999193545
325	9.9991338610268
326	9.99959082931015
327	10.0000403736109
328	10.0004546606884
329	10.0008101076328
330	10.0010885606595
331	10.0012780457559
332	10.0013730749568
333	10.0013745211721
334	10.0012891007382
335	10.0011285247585
336	10.0009083967878
337	10.0006469448273
338	10.0003636797151
339	10.0000780699925
340	9.9998083157699
341	9.99957029187036
342	9.999376714725
343	9.9992365693741
344	9.99915481383175
345	9.9991323592727
346	9.99916630717739
347	9.99925040971335
348	9.99937570799785
349	9.99953129497405
350	9.99970514566513
351	9.99988495750446
352	10.0000589469904
353	10.0002165555905
354	10.0003490269741
355	10.0004498285226
356	10.000514901855
357	10.0005427389927
358	10.0005342920288
359	10.0004927340997
360	10.0004230975453
361	10.0003318210173
362	10.0002262407421
363	10.0001140621128
364	10.000002846405
365	9.9998995439286
366	9.99981009971727
367	9.99973915137937
368	9.99968983148238
369	9.99966367933926
370	9.99966065979995
371	9.99967928006821
372	9.99971679002847
373	9.99976944735359
374	9.99983282594082
375	9.99990214505265
376	9.99997259688192
377	10.0000396519835
378	10.000099324909
379	10.0001483861771
380	10.0001845111089
381	10.0002063607271
382	10.0002135945559
383	10.0002068194669
384	10.0001874824492
385	10.0001577181502
386	10.0001201640995
387	10.0000777576307
388	10.0000335286506
389	9.99999040164136
390	9.99995101872406
391	9.99991759342076
392	9.99989180211472
393	9.99987471731709
394	9.99986678391046
395	9.99986783674077
396	9.99987715543711
397	9.99989355028882
398	9.99991547149818
399	9.99994113321088
400	9.9999686434197
401	9.99999613111478
402	10.0000218628554
403	10.0000443421755
404	10.0000623867986
405	10.000075180402
406	7.43578637770914
407	5.55537330465176
408	4.22544075610763
409	3.19098591627455
410	2.35656238218686
411	1.69182204319691
412	1.38612275115151
413	1.46063621206088
414	1.70498309382671
415	2.03963662411074
416	2.46793991852132
417	2.96017535063654
418	3.45577663945689
419	3.88139963577933
420	4.20784244401113
421	4.43978867065282
422	4.56738650182575
423	4.57650174474197
424	4.49425745576242
425	4.35479052076674
426	4.1879192569897
427	4.01436343303002
428	3.85341710087492
429	3.72698765709875
430	3.64792028521471
431	3.61846636207224
432	3.63433664641363
433	3.68880341073811
434	3.77353365746905
435	3.87718045332577
436	3.98680432647317
437	4.09051376010471
438	4.17892886127848
439	4.24525576410131
440	4.28506949269442
441	4.29674424477823
442	4.28174841806112
443	4.24416100722199
444	4.18975134428683
445	4.12516118693811
446	4.05730184185726
447	3.99270838423495
448	3.93684770803584
449	3.89363574462599
450	3.86528398356804
451	3.85237530167578
452	3.85403457694578
453	3.8681754571431
454	3.89184598716032
455	3.9216318877451
456	3.95403887558534
457	3.98580941563997
458	4.01417442080017
459	4.0370419594467
460	4.05310632666066
461	4.06186521351098
462	4.06355575956286
463	4.05903333638244
464	4.04961265735372
465	4.0368854801399
466	4.02253244821234
467	4.00815044051177
468	3.99511281394458
469	3.98447117077066
470	3.97690081022911
471	3.97268895656547
472	3.97176185713442
473	3.97374289000265
474	3.97803107920605
475	3.98388928138634
476	3.99053269938542
477	3.99720981147335
478	4.00326920857448
479	4.00820781794943
480	4.01169849515698
481	4.01359730169025
482	4.01393254163731
483	4.01287892084812
484	4.01072116581625
485	4.00781197752476
486	4.00452913687196
487	4.00123598521105
488	3.99824859147985
489	3.99581185102157
490	3.99408561891625
491	3.99314085276982
492	3.99296475982426
493	3.99347321767213
494	3.99452829624459
495	3.99595853036471
496	3.99757965044425
497	3.99921374520946
498	4.000705255982
499	4.00193271970525
500	4.00281572208105
501	4.00331704173818
502	4.00344042120031
503	4.00322475690789
504	4.00273573529016
505	4.00205604745185
506	4.00127529932353
507	4.00048061506695
508	3.99974873319589
509	3.99914014590007
510	3.99869556337248
511	3.99843472572113
512	3.99835735906668
513	3.99844589649204
514	3.99866946840019
515	3.99898861352527
516	3.9993601678588
517	3.99974184529269
518	4.00009611847478
519	4.00039312713709
520	4.00061246966541
521	4.00074385857858
522	4.00078673058193
523	4.0007489885633
524	4.00064511125211
525	4.00049389453326
526	4.00031608790461
527	4.00013216414257
528	3.99996041562668
529	3.99981551378691
530	3.99970760585862
531	3.99964196219284
532	3.99961913338304
533	3.99963553362989
534	3.99968433763413
535	3.99975656379343
536	3.99984221597469
537	3.99993136779144
538	4.00001509439036
539	4.0000861839795
540	4.00013959130821
541	4.00017262483142
542	4.00018488562809
543	4.00017799723227
544	4.00015518008327
545	4.00012073180869
546	4.00007947525217
547	4.00003623089475
548	3.99999536039286
549	3.99996041493471
550	3.99993390765087
551	3.9999172149707
552	3.99991059893761
553	3.99991333210759
554	3.99992389940584
555	3.99994024747078
556	3.99996005147871
557	3.99998097182119
558	4.00000087768356
559	4.00001802079403
560	4.00003114958243
561	4.00003956094463
562	4.00004309309619
563	4.00004206811115
564	4.00003719635296
565	4.00002945697388
566	4.00001996902066
567	4.0000098666201
568	4.00000018952
569	3.99999179729048
570	3.99998531213222
571	3.99998109186281
572	3.9999792315822
573	3.99997959000254
574	3.99998183463112
575	3.99998549899049
576	3.99999004483607
577	3.99999492280485
578	3.99999962596049
579	4.00000373211741
580	4.00000693244312
581	4.00000904547437
582	4.00001001718072
583	4.00000990894596
584	4.00000887623069
585	4.00000714119088
586	4.0000049626595
587	4.00000260668973
588	4.00000032037537
589	3.9999983109879
590	3.9999967316922
591	3.99999567430937
592	3.99999516886502
593	3.99999518905309
594	3.99999566230234
595	3.99999648287267
596	3.9999975263331
597	3.99999866386399
598	3.99999977505196
599	4.00000075816803
600	4.00000153729359
601	4.00000206604285
602	4.0000023279868
603	4.00000233418195
604	4.00000211842737
605	4.00000173100471
606	2.93270723850415
607	2.08169762214777
608	1.49206682821017
609	1.04862751724237
610	0.709031332042207
611	0.45141699476448
612	0.26366619405655
613	0.177497233373137
614	0.120716053120968
615	0.0731863614515266
616	0.0329281205777176
617	-0.00287322880272781
618	-0.035393872218518
619	-0.0639945634949754
620	-0.0876788568591516
621	-0.105068818966056
622	-0.116632707434377
623	-0.123642785871704
624	-0.12720983676698
625	-0.128283110227636
626	-0.127720543750242
627	-0.126295506455667
628	-0.124620343270296
629	-0.123038791496207
630	-0.121699289565271
631	-0.12064988738071
632	-0.11988106210165
633	-0.119345340406065
634	-0.11897401682875
635	-0.118698614639165
636	-0.118466936463013
637	-0.11824460192529
638	-0.11801093026521
639	-0.117755636155306
640	-0.117476558578456
641	-0.11717718940034
642	-0.116863696387196
643	-0.116542514477751
644	-0.116219192064895
645	-0.115898040653391
646	-0.115582064879621
647	-0.115273019535547
648	-0.114971616729789
649	-0.114677850243694
650	-0.114391313641712
651	-0.114111428468707
652	-0.113837587298307
653	-0.113569242504042
654	-0.113305955718572
655	-0.113047411405914
656	-0.112793402866371
657	-0.112543805771393
658	-0.112298551237904
659	-0.112057602984218
660	-0.11182093919846
661	-0.111588539388931
662	-0.111360376485078
663	-0.111136413554693
664	-0.11091660364292
665	-0.110700891255119
666	-0.110489214531987
667	-0.110281507573965
668	-0.110077702544734
669	-0.109877731307091
670	-0.109681526512157
671	-0.109489022207976
672	-0.109300154091131
673	-0.109114859517602
674	-0.108933077367687
675	-0.108754747843515
676	-0.108579812259664
677	-0.108408212863961
678	-0.108239892703392
679	-0.1080747955358
680	-0.107912865781327
681	-0.10775404850468
682	-0.107598289418251
683	-0.107445534896727
684	-0.107295731995794
685	-0.107148828470107
686	-0.107004772787821
687	-0.106863514140546
688	-0.106725002448641
689	-0.106589188362446
690	-0.106456023260398
691	-0.106325459244998
692	-0.106197449137485
693	-0.106071946471852
694	-0.105948905488639
695	-0.105828281128768
696	-0.105710029027509
697	-0.105594105508619
698	-0.105480467578569
699	-0.105369072920825
700	-0.105259879890079
701	-0.105152847506389
702	-0.105047935449185
703	-0.104945104051107
704	-0.104844314291674
705	-0.104745527790797
706	-0.104648706802131
707	-0.1045538142063
708	-0.104460813504005
709	-0.104369668809033
710	-0.104280344841189
711	-0.104192806919161
712	-0.104107020953324
713	-0.104022953438507
714	-0.10394057144672
715	-0.103859842619848
716	-0.10378073516233
717	-0.103703217833811
718	-0.103627259941795
719	-0.103552831334282
720	-0.103479902392409
721	-0.103408444023097
722	-0.103338427651704
723	-0.103269825214699
724	-0.10320260915235
725	-0.103136752401441
726	-0.103072228388011
727	-0.103009011020134
728	-0.102947074680727
729	-0.1028863942204
730	-0.102826944950354
731	-0.102768702635319
732	-0.102711643486541
733	-0.102655744154821
734	-0.102600981723612
735	-0.102547333702168
736	-0.102494778018749
737	-0.102443293013891
738	-0.102392857433738
739	-0.102343450423432
740	-0.102295051520575
741	-0.102247640648753
742	-0.102201198111129
743	-0.102155704584105
744	-0.102111141111058
745	-0.102067489096138
746	-0.102024730298143
747	-0.101982846824472
748	-0.10194182112514
749	-0.101901635986871
750	-0.101862274527271
751	-0.101823720189065
752	-0.101785956734418
753	-0.101748968239322
754	-0.101712739088067
755	-0.101677253967779
756	-0.101642497863041
757	-0.101608456050578
758	-0.10157511409403
759	-0.101542457838789
760	-0.101510473406918
761	-0.101479147192136
762	-0.101448465854887
763	-0.101418416317474
764	-0.101388985759273
765	-0.101360161612011
766	-0.101331931555129
767	-0.101304283511203
768	-0.101277205641447
769	-0.101250686341282
770	-0.101224714235975
771	-0.10119927817635
772	-0.101174367234568
773	-0.10114997069997
774	-0.101126078074998
775	-0.101102679071172
776	-0.101079763605141
777	-0.101057321794798
778	-0.101035343955456
779	-0.101013820596097
780	-0.100992742415677
781	-0.100972100299492
782	-0.100951885315618
783	-0.100932088711399
784	-0.100912701910003
785	-0.100893716507037
786	-0.10087512426722
787	-0.100856917121113
788	-0.100839087161911
789	-0.100821626642284
790	-0.100804527971286
791	-0.100787783711305
792	-0.100771386575081
793	-0.100755329422765
794	-0.100739605259042
795	-0.100724207230301
796	-0.100709128621852
797	-0.100694362855206
798	-0.100679903485391
799	-0.100665744198325
800	-0.100651878808236
