1	0
2	0
3	0
4	0
5	0
6	0
7	0
8	0
9	0
10	0
11	0
12	0
13	0
14	0
15	0
16	0
17	0
18	0
19	0
20	0
21	0
22	0
23	0
24	0
25	0
26	0
27	0
28	0
29	0
30	0
31	0
32	0
33	0
34	0
35	0
36	0
37	0
38	0
39	0
40	0
41	0
42	0
43	0
44	0
45	0
46	0
47	0
48	0
49	0
50	0
51	0
52	0
53	0
54	0
55	0
56	0
57	0
58	0
59	0
60	0
61	0
62	0
63	0
64	0
65	0
66	0
67	0
68	0
69	0
70	0
71	0
72	0
73	0
74	0
75	0
76	0
77	0
78	0
79	0
80	0
81	0
82	0
83	0
84	0
85	0
86	0
87	0
88	0
89	0
90	0
91	0
92	0
93	0
94	0
95	0
96	0
97	0
98	0
99	0
100	0
101	0
102	0
103	0
104	0
105	0
106	0
107	0
108	0
109	0
110	0
111	0
112	0
113	0
114	0
115	0
116	0
117	0
118	0
119	0
120	0
121	0
122	0
123	0
124	0
125	0
126	0
127	0
128	0
129	0
130	0
131	0
132	0
133	0
134	0
135	0
136	0
137	0
138	0
139	0
140	0
141	0
142	0
143	0
144	0
145	0
146	0
147	0
148	0
149	0
150	0
151	0
152	0
153	0
154	0
155	0
156	0
157	0
158	0
159	0
160	0
161	0
162	0
163	0
164	0
165	0
166	0
167	0
168	0
169	0
170	0
171	0
172	0
173	0
174	0
175	0
176	0
177	0
178	0
179	0
180	0
181	0
182	0
183	0
184	0
185	0
186	0
187	0
188	0
189	0
190	0
191	0
192	0
193	0
194	0
195	0
196	0
197	0
198	0
199	0
200	0.999867464356501
201	0.999382048200272
202	0.99960804732406
203	0.999800482800668
204	0.999943792856233
205	1
206	0.999800120923368
207	0.997869801667882
208	0.986352796739316
209	0.93038398862912
210	0.922781512163323
211	0.921172905904333
212	0.90311015477365
213	0.913451017999794
214	0.912217470810817
215	0.921996418426637
216	0.937061558858461
217	0.949907404720023
218	0.962514021180857
219	0.97136679568215
220	0.972261011506171
221	0.981450642566916
222	0.969948134624228
223	0.96367416013484
224	0.952349120853008
225	0.938151552601633
226	0.924842811393239
227	0.909059357141023
228	0.898041284045077
229	0.890915882375647
230	0.887503767219777
231	0.888766645143906
232	0.893615321882993
233	0.90242057360071
234	0.91286704629393
235	0.922664244179561
236	0.930470996670104
237	0.934879701732147
238	0.935144722112774
239	0.93058844894716
240	0.921512478202301
241	0.909257922080794
242	0.895470488689929
243	0.881963401720689
244	0.870498662573348
245	0.862786059307264
246	0.86016779995751
247	0.863183074348204
248	0.871522606737001
249	0.884124514578891
250	0.899330827019799
251	0.915024753138939
252	0.928882439138006
253	0.93880984145724
254	0.943323528373294
255	0.941753764672467
256	0.934288775016492
257	0.921938791977374
258	0.906429691685625
259	0.889973365382415
260	0.874947353793596
261	0.86356493254458
262	0.857587254770318
263	0.85808147112358
264	0.865228119112131
265	0.878226704160192
266	0.895354802195285
267	0.914192965461715
268	0.931981023961161
269	0.946046566515554
270	0.954233654308434
271	0.955248007849926
272	0.948848574088316
273	0.935862990198092
274	0.918051663919764
275	0.897861742489614
276	0.878105889656813
277	0.861597256795035
278	0.850777351578525
279	0.847376194417781
280	0.852140777361946
281	0.864667058782081
282	0.883375945736471
283	0.905672106229614
284	0.928298239321841
285	0.947844052609961
286	0.961310390625095
287	0.966600726279557
288	0.962837182549857
289	0.950461230271699
290	0.931137812858256
291	0.907507282165678
292	0.882829916152648
293	0.860565124885631
294	0.843928480554928
295	0.835467659969287
296	0.836693303095319
297	0.847802579750355
298	0.867545393174227
299	0.893292642640969
300	0.921351427126406
301	0.947519200169987
302	0.967785558290539
303	0.979017773815569
304	0.979461325858191
305	0.968964466734548
306	0.948937910829345
307	0.922114153082252
308	0.89216721653989
309	0.863238573266863
310	0.839416474252477
311	0.824219365146921
312	0.820124490812545
313	0.828174685809931
314	0.847709977710906
315	0.876298854523223
316	0.909954600677847
317	0.9436829056228
318	0.972306719799025
319	0.990099503881017
320	0.995553249848525
321	0.988005408156943
322	0.96849202564248
323	0.939069394801753
324	0.903750094504479
325	0.867886629409823
326	0.836525361103404
327	0.813957054371966
328	0.803500994558001
329	0.807312242791935
330	0.825717017684419
331	0.856590181918423
332	0.895637426297971
333	0.937143464550184
334	0.974861394347918
335	0.998871853800989
336	0.999959385836772
337	0.999957137586637
338	0.980748561711813
339	0.94939981429684
340	0.909028109796191
341	0.866698991122068
342	0.832205394335033
343	0.805297612640455
344	0.790349766919528
345	0.79145858830649
346	0.810061021870802
347	0.84442147562513
348	0.888036559086067
349	0.935098962743261
350	0.979470636091523
351	0.999964382053549
352	0.999960317061163
353	0.99995831006535
354	0.992985986322298
355	0.959495989151056
356	0.914979937848045
357	0.87078317147491
358	0.836389041416012
359	0.809973937095671
360	0.790409623859779
361	0.787115710559382
362	0.804573892204832
363	0.839291171481023
364	0.883005974863534
365	0.92951425086173
366	0.975431760972498
367	0.999969011932851
368	0.999965955255063
369	0.999964868386762
370	0.998662474128142
371	0.960721506070293
372	0.916808542368342
373	0.871479994815027
374	0.835933114780147
375	0.808938760346761
376	0.786767294247246
377	0.78262938505412
378	0.799902378935127
379	0.834829424142559
380	0.879358275429048
381	0.926843628460248
382	0.974817560439679
383	0.999973364911469
384	0.999971671678259
385	0.999972126053429
386	0.999974623998925
387	0.961570991476966
388	0.917111727250824
389	0.871105964705116
390	0.835195979537333
391	0.808101558584748
392	0.785434092528354
393	0.780978335058076
394	0.79836707398925
395	0.833786292390704
396	0.878953687209968
397	0.927011220385041
398	0.975685585498226
399	0.999978945958413
400	-0.99940470627303
401	0.273250643843508
402	0.154588715520233
403	0.0194664205576059
404	-0.128872980339391
405	-0.205360819639197
406	0.949044846403863
407	0.809326936494563
408	0.831409765021913
409	0.94800962255468
410	0.989205097402851
411	0.994035649083536
412	0.854587748912955
413	0.492000027716683
414	0.313414136341704
415	0.25950822499707
416	0.383722381817977
417	0.371749441554334
418	0.322475561558881
419	0.398644750933517
420	0.554040081815751
421	0.678764082162018
422	0.702342659934269
423	0.711056301378503
424	0.738183740129373
425	0.733111702491533
426	0.668432089412951
427	0.589297406321525
428	0.554941758873363
429	0.547287718391444
430	0.524975162141934
431	0.492805868593181
432	0.47675582617888
433	0.48648023115912
434	0.504475143749622
435	0.516857493886492
436	0.528972355083496
437	0.546647054084322
438	0.564466116582322
439	0.573388871129354
440	0.572715987203963
441	0.567422003272488
442	0.56006356805674
443	0.55015146274889
444	0.538148070263531
445	0.526679273759574
446	0.518072250154706
447	0.512755131662606
448	0.5102346502003
449	0.51038516248013
450	0.513236682606049
451	0.518127121280811
452	0.523748548646839
453	0.528918604251398
454	0.532972538064045
455	0.535566645459376
456	0.536510570325355
457	0.535899297292173
458	0.534203303845747
459	0.532074305163375
460	0.530071227354922
461	0.528560947037801
462	0.527763725972438
463	0.527781322742993
464	0.52857202476242
465	0.529952570831672
466	0.531662183682985
467	0.533438222930266
468	0.535056950210893
469	0.536349486884683
470	0.537217660271428
471	0.53764552096582
472	0.537689618623745
473	0.53745029485071
474	0.537042122684789
475	0.536574197225564
476	0.536137497026877
477	0.535795159308154
478	0.535577377090374
479	0.535483544312787
480	0.53548989381147
481	0.535558586119547
482	0.535646176809926
483	0.535711457361664
484	0.535722254621283
485	0.535659790473789
486	0.535519767565548
487	0.535310743554461
488	0.535050926455972
489	0.534764176501221
490	0.534475723293216
491	0.53420823679403
492	0.533978932773178
493	0.533798056829266
494	0.533668671035041
495	0.533587482429092
496	0.53354643998536
497	0.533534786770895
498	0.533541180003107
499	0.533555506917626
500	0.533570154983484
501	0.53358064863826
502	0.533585672667219
503	0.533586577559896
504	0.533586529181165
505	0.533589507494479
506	0.533599351592025
507	0.533618998653178
508	0.533650002145066
509	0.533692357590627
510	0.533744613705492
511	0.533804204051739
512	0.533867907869237
513	0.533932343994633
514	0.53399441494954
515	0.534051641230065
516	0.534102352866562
517	0.534145733156074
518	0.534181734151026
519	0.534210900638092
520	0.534234146844567
521	0.534252528939752
522	0.534267048940248
523	0.534278514176979
524	0.534287463234621
525	0.534294156613554
526	0.534298620394269
527	0.534300725049196
528	0.53430027936697
529	0.534297120745397
530	0.534291187086668
531	0.534282561156349
532	0.534271484354335
533	0.534258342304079
534	0.534243628746292
535	0.534227896562629
536	0.534211705310678
537	0.534195573639529
538	0.534179942801039
539	0.534165154722185
540	0.534151445302853
541	0.534138951194657
542	0.534127726598526
543	0.534117765736114
544	0.53410902659628
545	0.534101452196523
546	0.53409498670586
547	0.534089585092678
548	0.534085216245809
549	0.534081860574718
550	0.534079503799455
551	0.534078128943733
552	0.534077708469418
553	0.53407819811771
554	0.534079533464045
555	0.534081629571517
556	0.534084383551479
557	0.534087679393268
558	0.53409139415608
559	0.534095404536116
560	0.534099592910745
561	0.534103852175011
562	0.534108088968999
563	0.534112225190764
564	0.534116197950051
565	0.534119958308631
566	0.534123469256435
567	0.534126703388647
568	0.534129640690703
569	0.534132266728575
570	0.534134571407286
571	0.534136548327163
572	0.534138194655655
573	0.534139511356339
574	0.534140503581627
575	0.534141181039564
576	0.534141558180457
577	0.534141654104305
578	0.534141492152849
579	0.534141099208934
580	0.534140504772116
581	0.534139739907766
582	0.534138836175869
583	0.534137824637188
584	0.534136735012624
585	0.534135595042222
586	0.534134430058949
587	0.534133262764441
588	0.534132113172752
589	0.534130998675986
590	0.53412993418251
591	0.534128932283191
592	0.53412800341144
593	0.534127155976098
594	0.534126396459787
595	0.534125729486897
596	0.534125157873592
597	0.534124682676247
598	0.534124303254792
599	0.534124017364207
600	-0.475573198605029
601	0.0668931306009306
602	0.00942488067509219
603	-0.0312867659771387
604	-0.0601157361557346
605	-0.0889445823580859
606	0.189730200710736
607	-0.0153237010687219
608	-0.178907796659964
609	-0.280165570659963
610	-0.335464405720703
611	-0.370208741087114
612	-0.457929512550085
613	-0.491507011597562
614	-0.456393471615931
615	-0.440065014514053
616	-0.440842418086733
617	-0.446375430671255
618	-0.452034790472087
619	-0.452372956010375
620	-0.451620212903474
621	-0.452820774401151
622	-0.452501837189392
623	-0.450351832874164
624	-0.447146936739273
625	-0.443270027642561
626	-0.439251895304655
627	-0.435088433339597
628	-0.430601830812486
629	-0.425988128002411
630	-0.421336143039485
631	-0.416649370105575
632	-0.411941041188715
633	-0.407200380329454
634	-0.402433754023171
635	-0.397665595010103
636	-0.392897603267668
637	-0.38813061474999
638	-0.38336903634169
639	-0.378615572243504
640	-0.373873778989679
641	-0.369146326202639
642	-0.364433744986663
643	-0.35973728690773
644	-0.355058241085414
645	-0.350397493678043
646	-0.345755891128352
647	-0.341134121778202
648	-0.336532792604996
649	-0.331952612004032
650	-0.327394234970598
651	-0.322858281203641
652	-0.318345383020515
653	-0.313856172035057
654	-0.309391291111897
655	-0.304951399153064
656	-0.300537158093808
657	-0.296149243205115
658	-0.291788345789596
659	-0.287455170664687
660	-0.283150437247195
661	-0.278874879026062
662	-0.274629242624806
663	-0.270414288394414
664	-0.266230789263436
665	-0.262079529569194
666	-0.257961304207874
667	-0.253876917422308
668	-0.249827181526159
669	-0.245812915571362
670	-0.241834943760019
671	-0.237894093851744
672	-0.233991195492169
673	-0.23012707841703
674	-0.226302570586961
675	-0.222518496245982
676	-0.218775673906057
677	-0.215074914284181
678	-0.211417018183238
679	-0.207802774328483
680	-0.204232957174697
681	-0.200708324691324
682	-0.197229616137075
683	-0.193797549836006
684	-0.190412820965416
685	-0.187076099368899
686	-0.183788027407014
687	-0.180549217857605
688	-0.177360251878482
689	-0.174221677044858
690	-0.171134005473661
691	-0.168097712046638
692	-0.165113232743502
693	-0.162180963095779
694	-0.159301256771388
695	-0.156474424299058
696	-0.153700731940783
697	-0.150980400719465
698	-0.148313605607773
699	-0.145700474883087
700	-0.143141089652164
701	-0.140635483547869
702	-0.13818364259908
703	-0.135785505273526
704	-0.133440962692106
705	-0.131149859011953
706	-0.128911991974329
707	-0.126727113612279
708	-0.124594931111943
709	-0.122515107820397
710	-0.120487264392038
711	-0.118510980064719
712	-0.116585794056187
713	-0.114711207070766
714	-0.112886682905807
715	-0.11111165014707
716	-0.109385503941981
717	-0.107707607839568
718	-0.106077295685897
719	-0.104493873563887
720	-0.102956621766587
721	-0.101464796793229
722	-0.100017633357758
723	-0.0986143463999099
724	-0.0972541330894063
725	-0.0959361748143371
726	-0.094659639145384
727	-0.0934236817681185
728	-0.0922274483762366
729	-0.0910700765192252
730	-0.0899506973986028
731	-0.0888684376075222
732	-0.0878224208091668
733	-0.0868117693500016
734	-0.0858356058045568
735	-0.0848930544490197
736	-0.0839832426614789
737	-0.0831053022472144
738	-0.0822583706879383
739	-0.0814415923143789
740	-0.0806541194020503
741	-0.0798951131904663
742	-0.0791637448264419
743	-0.0784591962324722
744	-0.0777806609014946
745	-0.0771273446196189
746	-0.0764984661186564
747	-0.0758932576604988
748	-0.0753109655555759
749	-0.0747508506177841
750	-0.0742121885583997
751	-0.0736942703215971
752	-0.0731964023642658
753	-0.0727179068828807
754	-0.0722581219902064
755	-0.0718164018446395
756	-0.0713921167349833
757	-0.070984653123436
758	-0.0705934136495376
759	-0.070217817097779
760	-0.0698572983315171
761	-0.0695113081957781
762	-0.0691793133914545
763	-0.068860796323322
764	-0.0685552549242161
765	-0.0682622024576173
766	-0.067981167300799
767	-0.0677116927105951
768	-0.0674533365737461
769	-0.0672056711436831
770	-0.0669682827655062
771	-0.0667407715908195
772	-0.0665227512839806
773	-0.0663138487212301
774	-0.0661137036840677
775	-0.0659219685481514
776	-0.0657383079689037
777	-0.0655623985649226
778	-0.0653939286002103
779	-0.0652325976661498
780	-0.0650781163640851
781	-0.0649302059892819
782	-0.0647885982169785
783	-0.0646530347911659
784	-0.0645232672166766
785	-0.0643990564550941
786	-0.0642801726249474
787	-0.0641663947065932
788	-0.064057510252142
789	-0.063953315100739
790	-0.063853613099463
791	-0.063758215830068
792	-0.0636669423417572
793	-0.063579618890137
794	-0.0634960786824749
795	-0.0634161616293498
796	-0.0633397141027579
797	-0.0632665887007139
798	-0.0631966440183619
799	-0.0631297444255928
800	-0.0630657598511446
