1	0
2	0
3	0
4	0
5	0
6	0
7	0
8	0
9	0
10	0
11	0
12	0
13	0
14	0
15	0
16	0
17	0
18	0
19	0
20	0
21	0
22	0
23	0
24	0
25	0
26	0
27	0
28	0
29	0
30	0
31	0
32	0
33	0
34	0
35	0
36	0
37	0
38	0
39	0
40	0
41	0
42	0
43	0
44	0
45	0
46	0
47	0
48	0
49	0
50	0
51	0
52	0
53	0
54	0
55	0
56	0
57	0
58	0
59	0
60	0
61	0
62	0
63	0
64	0
65	0
66	0
67	0
68	0
69	0
70	0
71	0
72	0
73	0
74	0
75	0
76	0
77	0
78	0
79	0
80	0
81	0
82	0
83	0
84	0
85	0
86	0
87	0
88	0
89	0
90	0
91	0
92	0
93	0
94	0
95	0
96	0
97	0
98	0
99	0
100	0
101	0
102	0
103	0
104	0
105	0
106	0
107	0
108	0
109	0
110	0
111	0
112	0
113	0
114	0
115	0
116	0
117	0
118	0
119	0
120	0
121	0
122	0
123	0
124	0
125	0
126	0
127	0
128	0
129	0
130	0
131	0
132	0
133	0
134	0
135	0
136	0
137	0
138	0
139	0
140	0
141	0
142	0
143	0
144	0
145	0
146	0
147	0
148	0
149	0
150	0
151	0
152	0
153	0
154	0
155	0
156	0
157	0
158	0
159	0
160	0
161	0
162	0
163	0
164	0
165	0
166	0
167	0
168	0
169	0
170	0
171	0
172	0
173	0
174	0
175	0
176	0
177	0
178	0
179	0
180	0
181	0
182	0
183	0
184	0
185	0
186	0
187	0
188	0
189	0
190	0
191	0
192	0
193	0
194	0
195	0
196	0
197	0
198	0
199	0
200	0
201	0
202	0
203	0
204	0
205	0
206	0.296129692279776
207	0.976454080880767
208	1.82830123339581
209	2.73196625059626
210	3.62198618132812
211	4.46443223548455
212	5.24343647226338
213	5.95254978884424
214	6.5859225132719
215	7.1160211140285
216	7.54913442761516
217	7.90821282736185
218	8.20015011673283
219	8.44509616920312
220	8.65552807241135
221	8.84363717163968
222	9.02274916818776
223	9.20018517517947
224	9.37921209982743
225	9.55918176327081
226	9.7340162015358
227	9.90391599889323
228	10.0585483048528
229	10.1913224206212
230	10.2977907248057
231	10.3736606335987
232	10.4178701838445
233	10.4298286301614
234	10.4132630173771
235	10.3752252851401
236	10.3238644906055
237	10.2681033530096
238	10.2162929567256
239	10.1760173437066
240	10.1526189143632
241	10.1479835638819
242	10.1607327144888
243	10.1866633858808
244	10.2194953102836
245	10.251524484499
246	10.274643257308
247	10.2818014089948
248	10.2682119463771
249	10.2321172216875
250	10.1750980076062
251	10.102039744037
252	10.0206585529699
253	9.9404137369406
254	9.87103421436962
255	9.82102910671227
256	9.79645442425883
257	9.8000356491146
258	9.83070547045828
259	9.88367117824622
260	9.95103926384021
261	10.0228820446254
262	10.0885648459811
263	10.1381764380547
264	10.163931756553
265	10.1613744010831
266	10.1301676677902
267	10.0742982956699
268	10.0016155890188
269	9.92274366853341
270	9.84951427281843
271	9.79317112805316
272	9.76265732741443
273	9.76327114263972
274	9.79587858753919
275	9.85676072366238
276	9.93808782953167
277	10.0289465110946
278	10.1167880953116
279	10.1891233086058
280	10.2352665140096
281	10.2479236473194
282	10.2244083765555
283	10.1672692482899
284	10.0841496268668
285	9.98681244423331
286	9.889435897858
287	9.80646581819207
288	9.75041533047061
289	9.72999012495774
290	9.74881529423166
291	9.80491039177805
292	9.89094420963457
293	9.99520531035806
294	10.1031473442688
295	10.1993174589972
296	10.2694533792344
297	10.3025233149328
298	10.2924630580444
299	10.239339796293
300	10.1496765529507
301	10.0357533090705
302	9.91388865274434
303	9.80196170351128
304	9.71664451853367
305	9.67086671469649
306	9.67192016242639
307	9.72043216711523
308	9.81028243621076
309	9.92942443282712
310	10.0614735758696
311	10.1878492867099
312	10.2902254063814
313	10.3530423259672
314	10.3658227631419
315	10.3249890478469
316	10.234833144594
317	10.1073125960363
318	9.96051003988631
319	9.81591395457066
320	9.69503558781955
321	9.61606260257906
322	9.59115804149261
323	9.62475963596135
324	9.71300929090071
325	9.84353481575196
326	9.99793858631596
327	10.1546125581134
328	10.291379537814
329	10.3878818075986
330	10.4283936792312
331	10.404846923152
332	10.3186458234303
333	10.1808080334379
334	10.0105669178495
335	9.8327131156758
336	9.67384284467169
337	9.55800888699458
338	9.50290501983035
339	9.51739513441304
340	9.60050634071236
341	9.73928128471406
342	9.90753392499961
343	10.0839383316405
344	10.2448481384713
345	10.3657862514175
346	10.4261130028933
347	10.4133820208033
348	10.3289458295014
349	10.1841300984133
350	9.9984591775958
351	9.79879578083329
352	9.61578524213338
353	9.47853532729908
354	9.40839628444314
355	9.41639847940237
356	9.50299006606669
357	9.64978939923472
358	9.82660257934701
359	10.0111973018084
360	10.1872657129694
361	10.32822577154
362	10.4071885335215
363	10.4093235882737
364	10.3367451302569
365	10.2020459462506
366	10.0217724473765
367	9.82050897907863
368	9.63067669570114
369	9.48441696156728
370	9.40487319255462
371	9.40349981549256
372	9.48201946923576
373	9.62454365650902
374	9.80025535210921
375	9.98547211403139
376	10.1664928054453
377	10.3131610014585
378	10.3973326352645
379	10.4035755815068
380	10.3332442594149
381	10.1990128018281
382	10.0161900507532
383	9.80976500754939
384	9.61347270818758
385	9.46063233170396
386	9.37543094905867
387	9.3699823076199
388	9.44689675186163
389	9.59002499693408
390	9.76762807791108
391	9.95533003835492
392	10.1398266748065
393	10.2904115891903
394	10.3781179299611
395	10.3869504891167
396	10.3181735966153
397	10.1847257505707
398	10.0018605659394
399	9.79463537967091
400	9.59723574645761
401	9.44357474699201
402	9.35827270555489
403	9.35359049868801
404	9.43221629267492
405	9.57712673472132
406	6.95397650837137
407	5.07243728847152
408	3.86215217768176
409	2.94667988812606
410	2.18111154250807
411	1.56305915528362
412	1.3964295199466
413	1.69795949529289
414	2.20139506125219
415	2.84150965642498
416	3.57026701183955
417	4.32463458166238
418	4.9859156852504
419	5.27071257379145
420	5.08930777049891
421	4.63048483466698
422	4.20262514886647
423	3.83981756584968
424	3.49543034717282
425	3.23396186909589
426	3.13988178808046
427	3.23417538513298
428	3.45867863576038
429	3.74646841643425
430	4.06732573960397
431	4.39103287753326
432	4.65820990775377
433	4.81381806704776
434	4.86260845606499
435	4.84328050590716
436	4.77428414784628
437	4.65709374050676
438	4.50609087340838
439	4.3536428891743
440	4.2260977543054
441	4.13160663762819
442	4.07019051241916
443	4.04310186297713
444	4.0498492843461
445	4.08232909818793
446	4.12685742066438
447	4.17082182779052
448	4.20564858670487
449	4.22550051616036
450	4.22643368801892
451	4.20762034681908
452	4.1720787823828
453	4.12534308711409
454	4.07352431370237
455	4.02236508118569
456	3.97699047521432
457	3.941397927088
458	3.9177353992413
459	3.9060610498806
460	3.90475129437926
461	3.91112575354055
462	3.92197612847267
463	3.93406781720361
464	3.9446927244959
465	3.95211000909673
466	3.95567946453638
467	3.9557062739905
468	3.95316137884716
469	3.9493880379036
470	3.94581139924544
471	3.94366672551052
472	3.9438000003822
473	3.94658172854771
474	3.95192377224378
475	3.95936291616089
476	3.96818417266037
477	3.97756604127092
478	3.98672327859458
479	3.9950184630546
480	4.0020255712913
481	4.00754663940889
482	4.01159175667216
483	4.01433317449003
484	4.01604422458489
485	4.01703519566452
486	4.01759760243234
487	4.01796401783976
488	4.01828577764855
489	4.01862789573383
490	4.01897887500648
491	4.01927144917722
492	4.01940890561432
493	4.01929151858756
494	4.01883879765597
495	4.01800487080442
496	4.01678578609855
497	4.01521884470964
498	4.01337531670498
499	4.01134878737984
500	4.00924169332035
501	4.00715239436916
502	4.00516462396704
503	4.00334052044822
504	4.00171772242861
505	4.00031029797087
506	3.99911270681239
507	3.99810566351487
508	3.99726268054436
509	3.99655617728146
510	3.99596229587357
511	3.99546391702298
512	3.99505174894635
513	3.99472369646487
514	3.99448295385292
515	3.99433538735886
516	3.99428678590008
517	3.99434047760665
518	3.99449566235384
519	3.99474663167525
520	3.99508287343965
521	3.99548991683173
522	3.99595067936641
523	3.99644703771022
524	3.99696135526681
525	3.9974777514032
526	3.99798297407127
527	3.99846682227197
528	3.9989221424406
529	3.99934448264178
530	3.99973152435429
531	4.00008242222762
532	4.00039717044048
533	4.00067608624208
534	4.00091946439928
535	4.0011274179983
536	4.00129988757415
537	4.00143677623988
538	4.00153815552888
539	4.00160448502244
540	4.00163679668848
541	4.00163680923046
542	4.00160695519695
543	4.00155032082523
544	4.0014705128997
545	4.00137147654256
546	4.00125729212024
547	4.00113197861231
548	4.00099932586922
549	4.00086277065371
550	4.00072532284058
551	4.00058954013563
552	4.00045754331727
553	4.00033105999425
554	4.00021148340844
555	4.00009993366327
556	3.99999731137244
557	3.99990433737155
558	3.99982157605521
559	3.99974944342681
560	3.99968820359201
561	3.99963795893222
562	3.99959863952834
563	3.99956999672647
564	3.99955160433856
565	3.99954286920455
566	3.99954305105923
567	3.99955129013498
568	3.99956663988875
569	3.99958810175303
570	3.99961465886204
571	3.99964530619707
572	3.99967907537819
573	3.99971505323528
574	3.99975239415922
575	3.99979032694122
576	3.99982815727613
577	3.9998652673086
578	3.99990111355883
579	3.99993522433162
580	3.99996719736222
581	3.99999669806492
582	4.00002345839375
583	4.00004727605238
584	4.00006801363067
585	4.00008559720337
586	4.00010001398869
587	4.000111308801
588	4.00011957920831
589	4.00012496948442
590	4.00012766359882
591	4.00012787759235
592	4.000125851735
593	4.00012184285367
594	4.00011611716239
595	4.00010894384068
596	4.00010058950399
597	4.00009131361154
598	4.00008136477307
599	4.00007097785708
600	4.00006037177139
601	4.00004974778135
602	4.0000392882467
603	4.00002915568688
604	4.0000194921195
605	4.00001041864932
606	3.0050123716032
607	2.21101666261737
608	1.65302926334424
609	1.2295213841112
610	0.899803979953789
611	0.641772562993972
612	0.499403051328832
613	0.401621170084471
614	0.27728442631995
615	0.153375438328791
616	0.0494558223299665
617	-0.0313031524271543
618	-0.0914359374079523
619	-0.138632153218961
620	-0.175349162845902
621	-0.200970107335856
622	-0.21857269992864
623	-0.231092815849434
624	-0.240254532704814
625	-0.247148886346109
626	-0.252200519222826
627	-0.255798643056988
628	-0.258456066670268
629	-0.2604187832306
630	-0.261816502970332
631	-0.262763706094876
632	-0.2633505909606
633	-0.263668192208446
634	-0.263789622500979
635	-0.263754976416676
636	-0.263598536743135
637	-0.263349867058304
638	-0.263030656735364
639	-0.2626573930857
640	-0.262241217987542
641	-0.261789590961173
642	-0.261308868792233
643	-0.260803690372458
644	-0.260277179997655
645	-0.259731561301086
646	-0.259168325219161
647	-0.258588493132733
648	-0.257992765002972
649	-0.257381473891227
650	-0.256754705232646
651	-0.256112380544685
652	-0.255454282987267
653	-0.254780093770203
654	-0.254089412434078
655	-0.25338177059503
656	-0.252656656799276
657	-0.251913527622339
658	-0.25115181476261
659	-0.25037093366195
660	-0.249570289717846
661	-0.248749283936186
662	-0.24790731836966
663	-0.247043799804857
664	-0.246158143599361
665	-0.245249777546756
666	-0.244318145357162
667	-0.243362710076872
668	-0.242382957423771
669	-0.24137839901617
670	-0.24034857566633
671	-0.239293060636748
672	-0.238211462849715
673	-0.237103430086553
674	-0.235968652153928
675	-0.234806864006993
676	-0.233617848820302
677	-0.232401440976122
678	-0.231157528956821
679	-0.229886058122486
680	-0.228587033348127
681	-0.227260521497464
682	-0.225906653709054
683	-0.22452562746981
684	-0.223117708452575
685	-0.221683232093609
686	-0.22022260488666
687	-0.218736305372001
688	-0.217224884800129
689	-0.215688967451695
690	-0.214129250597524
691	-0.212546504084955
692	-0.210941569539654
693	-0.209315359175186
694	-0.207668854205871
695	-0.206003102862017
696	-0.204319218010269
697	-0.202618374385578
698	-0.200901805445136
699	-0.199170799858405
700	-0.197426697651122
701	-0.195670886024773
702	-0.193904794876479
703	-0.192129892047437
704	-0.190347678330977
705	-0.188559682273879
706	-0.186767454806795
707	-0.184972563741428
708	-0.18317658817346
709	-0.181381112831108
710	-0.179587722409612
711	-0.177797995931893
712	-0.176013501175067
713	-0.174235789201521
714	-0.1724663890318
715	-0.17070680249472
716	-0.168958499287868
717	-0.167222912279117
718	-0.165501433076897
719	-0.163795407893889
720	-0.16210613372551
721	-0.160434854861122
722	-0.158782759742417
723	-0.157150978179846
724	-0.155540578934472
725	-0.153952567669134
726	-0.152387885269476
727	-0.150847406532187
728	-0.149331939214766
729	-0.147842223438328
730	-0.146378931432386
731	-0.144942667608242
732	-0.143533968945564
733	-0.142153305674968
734	-0.14080108223793
735	-0.139477638504192
736	-0.138183251225841
737	-0.136918135706662
738	-0.135682447664903
739	-0.134476285267491
740	-0.133299691313778
741	-0.132152655547183
742	-0.131035117073574
743	-0.129946966865845
744	-0.128888050334946
745	-0.127858169948496
746	-0.126857087879128
747	-0.125884528665812
748	-0.12494018187251
749	-0.12402370472977
750	-0.123134724746016
751	-0.122272842276589
752	-0.121437633039786
753	-0.12062865057037
754	-0.119845428602203
755	-0.119087483372842
756	-0.118354315843992
757	-0.117645413832824
758	-0.116960254050132
759	-0.116298304042245
760	-0.115659024034525
761	-0.115041868675036
762	-0.114446288677774
763	-0.113871732365472
764	-0.113317647112658
765	-0.11278348069015
766	-0.112268682512689
767	-0.111772704791811
768	-0.111295003596442
769	-0.110835039824014
770	-0.110392280085142
771	-0.109966197505137
772	-0.109556272445782
773	-0.109161993150939
774	-0.108782856319619
775	-0.10841836761024
776	-0.108068042079776
777	-0.10773140456155
778	-0.107407989985331
779	-0.107097343643419
780	-0.106799021406263
781	-0.106512589891132
782	-0.106237626587221
783	-0.105973719940486
784	-0.105720469401385
785	-0.105477485438555
786	-0.105244389521367
787	-0.105020814074118
788	-0.104806402404526
789	-0.104600808609024
790	-0.104403697457237
791	-0.104214744257875
792	-0.104033634708139
793	-0.103860064728621
794	-0.103693740285534
795	-0.103534377201991
796	-0.10338170095993
797	-0.10323544649416
798	-0.103095357979909
799	-0.102961188615116
800	-0.102832700398644
